plot_name	sample_name	colony_points	colony_elevation	colony_rugosity	overhang_prop	outcrop_prop	environment_rugosity	colony_range	environment_range
cur_kal_05m_20200214	KP0950_AC_WP05	10676	16.541911625092723	1.6739545463401981	0.001167346436941789	0.5229665551154566	1.887309576723529	0.11241637105572562	0.5124163710557257
cur_kal_05m_20200214	KP0952_HU_WP05	57	52.706633929285736	1.371932650071992	0.035106502905727865	0.5201230229681305	2.1116077128703643	0.011443546667317296	0.4114435466673173
cur_kal_05m_20200214	KP0954_HU_WP05	15	113.58507250313909	1.8615971044684674	0.0021568516986756174	0.5773733994959648	2.176111130587245	0.0055579635361012875	0.4055579635361013
cur_kal_05m_20200214	KP0955_HU_WP05	39	108.43349109426525	1.1271734720944455	0.356472717827521	0.5922192608189227	2.1286167982968274	0.007709633491418224	0.40770963349141826
cur_kal_05m_20200214	KP0956_HU_WP05	84	12.091278467579597	1.5527930032991035	0.0	0.6273813872884083	2.20308364784065	0.012239997024622355	0.4122399970246224
cur_kal_05m_20200214	KP0957_HU_WP05	5	66.36851160042558	2.8323542184566186	0.0	0.5733967376865549	2.184250217512183	0.004328259809015231	0.40432825980901527
cur_kal_05m_20200214	KP0958_HU_WP05	45	37.700819151594885	1.272674176082027	1.722099125937515	0.5913782800199999	2.1915878990662985	0.01076850462846294	0.410768504628463
cur_kal_05m_20200214	KP0962_AC_WP05	5204	43.97297272700656	1.2660635263145597	1.0337948556236702	0.5150573302264124	2.5991737475428507	0.11121287344662391	0.5112128734466239
cur_kal_05m_20200214	KP0963_HU_WP05	194	38.354881974657836	1.4216039958040225	0.3593325487563737	0.4481742420545469	1.959280409823632	0.020197963004011398	0.4201979630040114
cur_kal_05m_20200214	KP0965_AC_WP05	75	70.1925332396125	1.6443545703619984	0.0	0.47275918362088276	2.1348256737228017	0.012757732275938932	0.4127577322759389
cur_kal_05m_20200214	KP0966_AC_WP05	1806	61.86775545839223	1.4816994268193082	0.0024207870466087388	0.4064247311267656	2.0885040817520824	0.05356557817802388	0.4535655781780239
cur_kal_05m_20200214	KP0968_HU_WP05	8	55.19797531160496	2.0297000823078926	2.3333451627833655	0.4298237925950635	1.9004393088434761	0.00482573969071242	0.40482573969071245
cur_kal_05m_20200214	KP0969_HU_WP05	12	56.23616723246003	1.563744097050497	0.0424428201770081	0.6513414231352196	1.6401456316191407	0.005757281334906544	0.40575728133490657
cur_kal_05m_20200214	KP0970_HU_WP05	104	31.288554771849938	1.1425355413224954	0.15336723578049902	0.4001441751522041	2.0421954868364245	0.015010788686610753	0.4150107886866108
cur_kal_05m_20200214	KP0971_HU_WP05	160	28.268631756997205	1.2019080867155438	0.0	0.41740623740765914	2.0848712273070804	0.018233408323355113	0.41823340832335515
cur_kal_05m_20200214	KP0972_HU_WP05	151	27.147343725547536	1.4462549505047526	0.023290781275998613	0.39041185857192245	1.69318708743519	0.018869294817616424	0.4188692948176164
cur_kal_05m_20200214	KP0973_HU_WP05	223	58.0934912367808	1.489823975897146	0.00123031011384715	0.48361460554962465	2.0347143718270067	0.022754524258287615	0.42275452425828763
cur_kal_05m_20200214	KP0974_AC_WP05	3842	117.27678117311268	2.8851070001405077	0.0	0.8575747023999694	1.8411983966595737	0.08727493792553166	0.48727493792553167
cur_kal_05m_20200214	KP0975_AC_WP05	503	56.32039282025981	1.9764890607169645	0.0	0.5636433270593354	2.1403426582467993	0.029716560417418644	0.4297165604174187
cur_kal_05m_20200214	KP0976_AC_WP05	43	57.14184920716238	1.3599667173835968	0.0	0.6818915230999538	2.1664556738925738	0.009474675681115386	0.4094746756811154
cur_kal_05m_20200214	KP0977_AC_WP05	139	57.98624410235356	1.8280557268701398	0.0	0.6173023322787977	2.1050163251786036	0.016717264439207423	0.4167172644392074
cur_kal_05m_20200214	KP0978_AC_WP05	5474	103.72967357708828	2.129596768850076	0.0	0.42471397999766697	1.6253608773092971	0.08548662238080212	0.48548662238080215
cur_kal_05m_20200214	KP0979_HU_WP05	100	42.37668211868158	1.2527244004614884	0.0	0.4822808739661249	1.7826165861367904	0.014101383775160202	0.4141013837751602
cur_kal_05m_20200214	KP0980_HU_WP05	57	47.66925004094716	1.3052257718235143	0.0	0.7818931049626786	1.7549236695800334	0.010425249129121775	0.4104252491291218
cur_kal_05m_20200214	KP0981_AC_WP05	3954	118.04833721029756	1.1015475204350216	0.3074511403683439	0.6534731285190644	1.696335628225942	0.09431995286543914	0.49431995286543917
cur_kal_05m_20200214	KP0982_AC_WP05	11621	129.78828130172204	1.829635698628385	0.0	0.5062279065126567	1.8181026336037163	0.11892474807711852	0.5189247480771185
cur_kal_05m_20200214	KP0983_AC_WP05	1319	53.220248670012516	1.0481412668959944	0.7602718927554492	0.5811451640842652	1.7776409770292534	0.06463114743139907	0.4646311474313991
cur_kal_05m_20200214	KP0984_HU_WP05	171	46.65883369557527	1	0.7879402589482593	0.5328888857620517	2.0770479176491214	0.019629966058223168	0.41962996605822317
cur_kal_05m_20200214	KP0986_HU_WP05	106	42.46482268356834	1.4087949675718132	0.05797515135799095	0.8086476569975961	1.503252070925984	0.015568364981624267	0.4155683649816243
cur_kal_05m_20200214	KP0987_HU_WP05	52	38.31995123194649	1.2925372248993936	0.13126463934294447	0.43858978822731337	1.7190297522976925	0.009737761544239934	0.40973776154423996
cur_kal_05m_20200214	KP0988_AC_WP05	61	43.11399142405211	1.362619627258411	0.013640487883913904	0.7947264556331419	1.6942872321532982	0.010971850178275214	0.41097185017827526
cur_cas_05m_20201212	KP0407_AC_CA05	22310	96.3959606817368	3.365916827683259	0.00452172152661246	0.5119785557646879	1.901211424291257	0.1731656703435798	0.5731656703435798
cur_cas_05m_20201212	KP0408_AC_CA05	17998	20.001984135325756	1.349117127043076	0.0	0.5325061665576359	1.4792425965388822	0.1928594745597869	0.5928594745597869
cur_cas_05m_20201212	KP0409_AC_CA05	768	115.5392196580874	1.652436836686689	0.0	0.4636149595806038	1.9222709756235983	0.03842279418759847	0.4384227941875985
cur_cas_05m_20201212	KP0410_HU_CA05	5	64.33708283405156	3.8899045152681366	0.00929416332459413	0.6813443855789899	1.6222286075622234	0.00401565698871512	0.40401565698871517
cur_cas_05m_20201212	KP0413_HU_CA05	616	23.94610589083268	1.1639103629174445	0.7163515738365335	0.5042180924060956	1.9400225218877931	0.041447430383614356	0.4414474303836144
cur_cas_05m_20201212	KP0414_HU_CA05	109	78.31918085444103	1.4175364428904966	0.18129447157829584	0.460680273864702	2.0980199950680474	0.01598585042124614	0.41598585042124614
cur_cas_05m_20201212	KP0415_HU_CA05	219	42.5831565635568	1.430054355610512	0.0	0.6440942558034468	1.8328981031781633	0.021679913732178598	0.4216799137321786
cur_cas_05m_20201212	KP0417_HU_CA05	74	16.402866837306764	1.3428611428268664	0.0	0.5921073092291231	1.8633536247450486	0.012800058751819653	0.4128000587518197
cur_cas_05m_20201212	KP0418_HU_CA05	122	51.859819143812025	1.3750227170034233	0.046072243107890834	0.5605313689152593	1.7695007262739497	0.015623072968846694	0.4156230729688467
cur_cas_05m_20201212	KP0419_HU_CA05	124	32.7971004976243	1.104535901573001	0.30822562976448314	0.5742594758765908	1.7301776736256818	0.015446798287286968	0.415446798287287
cur_cas_05m_20201212	KP0424_AC_CA05	1184	93.0704224758331	2.2712160967200425	0.0	0.9233521784637542	1.7062161926526023	0.05391153566586964	0.45391153566586967
cur_cas_05m_20201212	KP0426_HU_CA05	304	41.10096474499651	1.4314192487014485	0.0	0.5738765763056514	1.7518542526972363	0.027047408316777582	0.4270474083167776
cur_cas_05m_20201212	KP0432_HU_CA05	139	26.138952829581932	1.2700265280167813	0.09923906033179236	0.631889961632978	1.8732764597261367	0.017281002429586207	0.4172810024295862
cur_cas_05m_20201212	KP0433_AC_CA05	57079	55.54280805373336	1.668498791002552	0.0005980526534644171	0.6329048752912562	1.8795175295270121	0.29116219764533546	0.6911621976453355
cur_cas_05m_20201212	KP0434_HU_CA05	365	44.10309485352696	1.4126281419536755	1.0453832739834397	0.4615664758854504	2.3474386508838396	0.028186063732496536	0.42818606373249657
cur_cas_05m_20201212	KP0435_HU_CA05	1008	70.42673417922177	1.171421151340323	0.7699073710211238	0.5135760647791031	2.2421717011341977	0.04306660115838189	0.4430666011583819
cur_cas_05m_20201212	KP0436_HU_CA05	94	54.85241682021918	1.250801051556677	0.042853787985319976	0.8788840172032524	1.7085191302318758	0.015250495792875199	0.4152504957928752
cur_cas_05m_20201212	KP0439_HU_CA05	197	122.4160274683288	1.3330623779535198	0.0	0.5223233266482414	1.5945690044096177	0.02422162229636912	0.4242216222963691
cur_cas_05m_20201212	KP0440_HU_CA05	1410	91.09304862155433	2.087953131700865	0.0	0.9235889133892141	1.4613537864295658	0.052379098794328255	0.45237909879432825
cur_cas_05m_20201212	KP0441_AC_CA05	390	113.08414756876694	1.1748098270395955	0.0	0.8335538556165747	1.4968093830037927	0.03169167601569364	0.4316916760156937
cur_cas_05m_20201212	KP0442_HU_CA05	243	33.681222812177396	1.5014312128149074	0.0	0.943224135385035	1.6016133373228274	0.022961929442159093	0.4229619294421591
cur_kal_10m_20200214	KP0739_HU_WP10	98	13.503814461276484	1.28552810201175	0.0	0.6814911968231487	1.5458655124698102	0.017785244436803297	0.4177852444368033
cur_kal_10m_20200214	KP0740_HU_WP10	30	113.18017784365749	1.4587340547996763	0.17585856810752115	0.703657070559063	2.03840060625481	0.01080287956225684	0.41080287956225686
cur_kal_10m_20200214	KP0741_AC_WP10	9002	18.95552879617361	1.311968262056234	0.034966641075018304	0.6070262772602207	2.220016539738868	0.14127585071271956	0.5412758507127196
cur_kal_10m_20200214	KP0742_AC_WP10	1829	115.6749714430251	1.8328883743207083	0.0	0.5765540991833112	2.3343549333148683	0.06484389977296005	0.4648438997729601
cur_kal_10m_20200214	KP0743_AC_WP10	9124	65.19805334761358	1.3622632406642783	0.2472127256652724	0.585386050046847	1.9684831495659567	0.13694268672168797	0.536942686721688
cur_kal_10m_20200214	KP0744_HU_WP10	96	30.888670471501815	1.2356153077275378	0.0	0.6013695059736177	2.5534578781803594	0.01670034250296937	0.4167003425029694
cur_kal_10m_20200214	KP0745_AC_WP10	827	109.62590918728239	1.1015404415968941	0.9242654878251918	0.447948161438184	1.85734694302331	0.0481655570830276	0.44816555708302763
cur_kal_10m_20200214	KP0746_AC_WP10	2386	19.570216604035465	1.0464069958904962	0.15998364397228662	0.4362262076013287	2.220122367302524	0.08953189846147534	0.4895318984614754
cur_kal_10m_20200214	KP0747_AC_WP10	1724	30.547806875928522	1.1301808556394457	0.6547096360566828	0.4078580821210508	1.5837666602130804	0.06003762887474815	0.4600376288747482
cur_kal_10m_20200214	KP0748_AC_WP10	213	40.0235179427108	1.7354970883525709	0.00048274168723750564	0.5007598849695277	3.0470740370029286	0.0292648805684281	0.4292648805684281
cur_kal_10m_20200214	KP0749_AC_WP10	6515	121.26684739112075	1.656825849451895	0.14202467250981632	0.775786365932325	1.8364909378068723	0.10925157944807333	0.5092515794480733
cur_kal_10m_20200214	KP0750_AC_WP10	31	38.3500411576572	2.204631377708623	0.0	0.9728744413687139	2.5689062717830544	0.011056039156820675	0.4110560391568207
cur_kal_10m_20200214	KP0751_AC_WP10	953	127.1737761049537	1.6065060102898983	0.0	0.5296597120342981	1.9124935331023662	0.04027082995748951	0.44027082995748956
cur_kal_10m_20200214	KP0752_AC_WP10	37	92.08095777209296	1.6145264199352765	0.0	0.67268787331126	2.368742865068152	0.011171361435249827	0.41117136143524985
cur_kal_10m_20200214	KP0753_AC_WP10	3680	30.285168408946976	1.2608441562935815	0.9057168950660418	0.36554682040543607	2.487394581023301	0.07637128280096032	0.47637128280096036
cur_kal_10m_20200214	KP0754_LM_WP10	12745	74.25028936095761	1.0339796199029045	0.07468508923289398	0.4057806634505606	1.6386669444419624	0.22674579466115977	0.6267457946611598
cur_kal_10m_20200214	KP0755_AC_WP10	10923	25.48759695933115	1.7271299990952138	0.0859751169407219	0.6219193254293737	3.9854966492171786	0.1596565105230728	0.5596565105230729
cur_kal_10m_20200214	KP0756_AC_WP10	6210	63.19750955253328	2.0292793517093286	0.30120877633339543	0.43247689762693015	1.9357756782804856	0.11925252478603492	0.5192525247860349
cur_kal_10m_20200214	KP0757_AC_WP10	612	12.072963752986182	1.5652460952210216	0.17255997930978403	0.6082444803745516	3.3993352418538354	0.05089411424376233	0.45089411424376236
cur_kal_10m_20200214	KP0758_AC_WP10	4973	41.59387851548544	1.4285029270081315	0.07038888446752681	0.5744092091516767	3.1368217900256123	0.09915016146420401	0.49915016146420405
cur_kal_10m_20200214	KP0759_AC_WP10	1305	88.40829306223854	1	0.6089527318142403	0.5564721625263337	3.007115150239948	0.06668728120884362	0.4666872812088436
cur_kal_10m_20200214	KP0760_AC_WP10	9391	58.72401906990903	1.9966171024907464	0.17938242527692097	0.4415362748430682	3.10275805132532	0.13211017096775016	0.5321101709677502
cur_kal_10m_20200214	KP0761_AC_WP10	1946	70.84836572177176	1.326861086581739	0.6833850639351773	0.506565050128404	2.7796621301409328	0.07807318637274531	0.4780731863727453
cur_kal_10m_20200214	KP0762_AC_WP10	3850	70.88683178426072	1.688249696615117	0.647536251221073	0.5204850699261501	3.7379879684756565	0.07809103067857084	0.47809103067857084
cur_kal_10m_20200214	KP0763_LM_WP10	10848	40.06529416408058	1.1671219582301868	0.29123651174356574	0.5091901021415859	1.8235431922954992	0.17997494675079828	0.5799749467507983
cur_kal_10m_20200214	KP0764_HU_WP10	830	41.92967492731431	1.6079233478293016	0.13960118109248762	0.5062578959783627	3.8099180510963326	0.04157564410434377	0.4415756441043438
cur_kal_10m_20200214	KP0765_AC_WP10	1657	40.19814356179722	1.0338971947225912	0.8833295996534325	0.5201049281161144	2.560400037193997	0.06209247836812248	0.4620924783681225
cur_kal_10m_20200214	KP0766_AC_WP10	3224	29.60463611414748	1.5022810187938012	0.7874457757435768	0.45262795756178736	3.4343690467450347	0.08037025198316863	0.48037025198316863
cur_kal_10m_20200214	KP0767_AC_WP10	3985	16.06679360869687	1.1335722355403772	0.36835005522970093	0.5363286723304573	2.910575346420826	0.0903017507229034	0.49030175072290344
cur_kal_10m_20200214	KP0768_HU_WP10	332	116.02393326169076	1.8938121927273663	0.5400969087833316	0.49593210060979753	3.4057749923668563	0.02700264679597901	0.42700264679597905
cur_kal_10m_20200214	KP0769_AC_WP10	79819	46.811900718292364	2.5724729724416515	0.0	0.732042195739058	2.8721148208861367	0.3052599768994223	0.7052599768994223
cur_kal_10m_20200214	KP0770_AC_WP10	73	111.29048110188421	1.1980177268612784	0.2753714873106734	0.5540974967703248	3.4826959759800658	0.015907475419157935	0.41590747541915796
cur_kal_10m_20200214	KP0771_AC_WP10	1282	62.40486376575582	1	0.4935394995999411	0.4182437493615916	2.44166086490541	0.061941154207529645	0.4619411542075297
cur_kal_10m_20200214	KP0772_AC_WP10	309	33.27609997149076	1.7878989549160913	0.9064233078836296	0.5361588887924771	3.3888323950679657	0.03280805559813124	0.4328080555981313
cur_kal_10m_20200214	KP0773_AC_WP10	2377	30.78401793814607	1.1642024404366471	0.0	0.6387559001290749	1.4484761012382958	0.07739172029879865	0.47739172029879867
cur_kal_10m_20200214	KP0774_AC_WP10	49	128.1669123724912	1.2352787701881456	0.36373715314135463	0.45822533395507303	3.064479805569878	0.02091907311203708	0.4209190731120371
cur_kal_10m_20200214	KP0775_HU_WP10	183	124.08425201455256	1.0777313720810813	0.015477963018707517	0.518865529462083	2.0512282334345815	0.02462151849814968	0.4246215184981497
cur_kal_10m_20200214	KP0777_AC_WP10	3930	120.55839764014627	1.2700475080959834	0.0934328570309119	0.7979641456597482	2.4611921398872947	0.0817437498232369	0.4817437498232369
cur_kal_10m_20200214	KP0778_AC_WP10	2987	128.00651932050073	2.0752638578171414	0.0677418213642202	0.6835415356233946	2.833663191966929	0.08139200890600748	0.48139200890600753
cur_kal_10m_20200214	KP0779_AC_WP10	2181	85.51247321543404	1.9137148007654947	0.0	0.7319416326134452	2.0599835542012856	0.08500750236434973	0.48500750236434975
cur_kal_10m_20200214	KP0780_AC_WP10	4481	47.09022649558884	1.3976696211375075	0.10826274142839015	0.6215499227876257	2.7278251754536975	0.08929048583868221	0.48929048583868223
cur_kal_10m_20200214	KP0781_AC_WP10	216	5.787210296226463	2.037356116621471	0.39385206644744253	0.6041964464326636	2.93511281385178	0.02876979434331942	0.42876979434331947
cur_kal_10m_20200214	KP0782_AC_WP10	7002	59.68875195259062	1.567335797547756	0.0	0.7462839577910186	2.7224438675885154	0.09736848659502349	0.49736848659502353
cur_kal_10m_20200214	KP0783_HU_WP10	331	105.29500397317297	2.445709169071729	0.8316799369235847	0.4999597017893863	3.1356821148549985	0.02977856639629449	0.4297785663962945
cur_kal_10m_20200214	KP0784_AC_WP10	4217	112.50110037376274	1.8923686387136243	0.1307835606340185	0.5765583543823283	2.6098398878126017	0.06993145063388422	0.46993145063388425
cur_kal_10m_20200214	KP0785_AC_WP10	249	47.25621910445192	1.1414410599045313	1.1357461625314056	0.6162765167440081	3.38988593803947	0.023108564923300077	0.4231085649233001
cur_kal_10m_20200214	KP0786_HU_WP10	138	14.263202708577213	1.3776217391627945	0.0	0.6308451291666262	2.6559300931415044	0.01623931171772467	0.4162393117177247
cur_kal_10m_20200214	KP0787_AC_WP10	25529	46.824029173893656	1.8268029082787791	0.000921831489745778	0.6670511159440841	2.7951803335533554	0.22539234338242983	0.6253923433824299
cur_kal_10m_20200214	KP0788_AC_WP10	176	80.78725147356568	2.375481395782137	0.0	0.6442179917319747	2.5876489965252434	0.023093145281269368	0.4230931452812694
cur_kal_10m_20200214	KP0789_HU_WP10	83	111.28715105559863	1.6355434262803805	1.1336892312231224	0.6703775689812153	2.542716721127994	0.014303090106215381	0.4143030901062154
cur_kal_10m_20200214	KP0790_AC_WP10	1481	74.85308295490809	2.0313997748139467	0.0	0.5749550192778632	2.7987822680557626	0.054243875343573514	0.4542438753435735
cur_kal_10m_20200214	KP0791_AC_WP10	311	25.9507334346499	2.866486616586167	0.26938554304971857	0.7130428803361591	2.153693760157932	0.031148981276832338	0.4311489812768324
cur_kal_10m_20200214	KP0792_AC_WP10	2983	104.37092554619203	1.2218965733476295	0.030685799526166548	0.7932622624971257	2.2836082418117365	0.07774914817548975	0.47774914817548975
cur_kal_10m_20200214	KP0793_AC_WP10	1962	56.13932154274875	1.2787041107233041	1.0533493908082354	0.5189782233300783	2.392520441295313	0.07307665325059153	0.47307665325059156
cur_kal_10m_20200214	KP0794_AC_WP10	473	110.47448371960144	1.4386559585993748	0.0	0.6039672497498303	2.7628388554179235	0.031369594625548926	0.43136959462554897
cur_kal_10m_20200214	KP0795_LM_WP10	9247	34.44723209961424	1.2445650618503452	0.11938790079791234	0.5232925434563667	2.172024323156645	0.13073450458676017	0.5307345045867602
cur_kal_10m_20200214	KP0797_AC_WP10	1433	14.111088018706415	1.2731157143994036	0.024422523518498156	0.5058779993181574	2.3766706931271306	0.07179618253164201	0.471796182531642
cur_kal_10m_20200214	KP0799_AC_WP10	6740	22.383821799477843	1.3855534488325154	0.030807111296673254	0.5835797247910703	2.5421588902211285	0.11352553765933264	0.5135255376593326
cur_kal_10m_20200214	KP0800_AC_WP10	1385	17.973525974557027	1.6053281459002724	0.0004257990061942202	0.7288936173052007	2.490024393199896	0.05234944002025637	0.4523494400202564
cur_kal_10m_20200214	KP0801_AC_WP10	1097	44.71551492442245	1.4495927441768686	0.831334863473015	0.5801625493683994	2.739854436765232	0.06001513206087198	0.460015132060872
cur_kal_10m_20200214	KP0802_AC_WP10	650	45.81718667527236	1.0209089045525936	0.8378498432428445	0.5040592787009944	2.785390620314098	0.03959732144834432	0.43959732144834435
cur_kal_10m_20200214	KP0803_HU_WP10	307	40.28030514214749	1.2795868675570259	0.9225455925171983	0.48283251449712616	2.1083915598325778	0.02880223671295911	0.42880223671295914
cur_kal_10m_20200214	KP0804_AC_WP10	2637	117.0944589236626	1.6120382623049847	0.4551867820063777	0.5907867460198073	2.840926510258987	0.06805358823105911	0.46805358823105914
cur_kal_10m_20200214	KP0805_HU_WP10	963	113.57639542664619	1.1713447342253935	0.3985787370953031	0.4938187781020684	2.754479384032212	0.042353639868986444	0.44235363986898646
cur_kal_10m_20200214	KP0806_AC_WP10	660	78.74154464920204	2.135151088210468	0.0	0.5338073767469455	2.4930635553469895	0.03692260784074953	0.43692260784074954
cur_kal_10m_20200214	KP0807_AC_WP10	7555	103.1019707274002	1.9660115404528817	0.004456679805042641	0.7179330306118492	2.8001287173820977	0.13016573662841419	0.5301657366284143
cur_kal_10m_20200214	KP0808_AC_WP10	8465	69.77413133581543	3.297399084901778	0.0024355224159703934	0.5913968428484997	2.4135580549074054	0.09686263806042547	0.4968626380604255
cur_kal_10m_20200214	KP0809_AC_WP10	457	2.0126406232597445	1.753253500784516	0.0	0.6022567571491821	2.41377541011207	0.041646610672417705	0.4416466106724177
cur_kal_10m_20200214	KP0810_AC_WP10	939	67.54737214357516	2.0700869279024534	0.06641062192116579	0.4860261160468106	3.0284654206334447	0.04579807905390915	0.44579807905390917
cur_kal_10m_20200214	KP0811_AC_WP10	661	19.31903742608697	1.1145499322758543	0.32273833123195306	0.5369877380738356	3.3171199388612544	0.041588185507538004	0.44158818550753803
cur_kal_10m_20200214	KP0812_AC_WP10	3789	89.65361706272945	2.289757612678029	0.0	0.5680637686299667	2.6732226166321023	0.09251349133339258	0.4925134913333926
cur_kal_10m_20200214	KP0813_AC_WP10	7789	119.54630710420601	1.0271203391225632	0.12889505434668574	0.5924610345424318	2.1229180291215903	0.13448309589749258	0.5344830958974927
cur_kal_10m_20200214	KP0815_AC_WP10	16531	44.84121918328664	1	0.09269784712677766	0.47873101322592015	2.0777009058031863	0.20998673693638348	0.6099867369363835
cur_kal_10m_20200214	KP0816_AC_WP10	2108	51.15934938962877	1.0759629230275436	0.9611098139051892	0.438011885140236	2.3150532282563026	0.07379356161106439	0.4737935616110644
cur_kal_10m_20200214	KP0817_AC_WP10	3773	32.23600986892103	1.143793977695232	0.013725035959406013	0.608351364137414	1.9894740684504315	0.09363725295244262	0.49363725295244265
cur_kal_10m_20200214	KP0819_AC_WP10	1919	18.539479315750444	1	0.49592219384086367	0.5052032353244719	1.9806747775387743	0.06840205862540107	0.4684020586254011
cur_kal_10m_20200214	KP0820_AC_WP10	279	102.79801860523507	2.1572915412132363	0.0	0.5918086020201039	2.1695796562296117	0.0345792480081424	0.4345792480081424
cur_kal_10m_20200214	KP0823_AC_WP10	8191	16.310508970715087	2.125246963695782	0.0	0.6424020139204877	2.184592837380619	0.10490758727005889	0.5049075872700589
cur_kal_10m_20200214	KP0824_AC_WP10	13054	112.4454444995884	1.0454027744996306	0.9762546155990683	0.4671434692952468	3.1158793103030007	0.18000780490106566	0.5800078049010657
cur_kal_10m_20200214	KP0825_AC_WP10	2908	76.11701125869529	1	0.8164955339725433	0.5273847306653858	2.714519699646552	0.09129696987642313	0.49129696987642313
cur_kal_10m_20200214	KP0831_HU_WP10	314	68.6261311286318	2.3088238709409503	0.9727977149845877	0.5197651646949549	2.970035411134547	0.031041345900495163	0.4310413459004952
cur_kal_10m_20200214	KP0833_AC_WP10	1744	59.5777025078682	2.095681085751999	0.9711062774224957	0.5000952497058972	2.8669948990752125	0.04553348344794931	0.44553348344794935
cur_kal_10m_20200214	KP0835_AC_WP10	3520	117.14445297685856	1.6619567137312283	0.15490404690726856	0.530639854332118	2.438912884581625	0.10819225558677002	0.5081922555867701
cur_kal_10m_20200214	KP0837_AC_WP10	10948	65.67054973222103	1.2343067318275494	0.7139192154233134	0.6462826736796374	2.6646526512008006	0.17586257692862492	0.575862576928625
cur_kal_10m_20200214	KP0845_AC_WP10	227	74.55356913210352	2.0840029999752256	0.05979256330356038	0.6104822549857579	2.054277129127047	0.02942145658513227	0.4294214565851323
cur_kal_10m_20200214	KP0849_AC_WP10	9878	106.27110187554341	1.7013225700692571	0.06420575534664148	0.4762875412499212	2.951148746888371	0.13092014047139364	0.5309201404713937
cur_kal_10m_20200214	KP0851_AC_WP10	2640	76.67461105064233	1.746505614793325	0.03209463500860695	0.507349925742334	2.53099043724644	0.07271408831287793	0.472714088312878
cur_kal_10m_20200214	KP0853_AC_WP10	689	63.9822394946197	1.6294023411518066	0.0	0.5182855370008719	2.295067167508602	0.04127181827867938	0.4412718182786794
cur_kal_10m_20200214	KP0855_AC_WP10	2826	59.56534956316015	1.241197580907023	0.8231125897015701	0.5991606430079407	2.6654924981844723	0.09068389207996772	0.49068389207996777
cur_kal_10m_20200214	KP0857_AC_WP10	35164	6.345178026417501	2.1859365023280537	0.0011936183064705215	0.5108386153225808	3.523801130663959	0.18667931012723993	0.58667931012724
cur_kal_10m_20200214	KP0859_HU_WP10	348	122.91870392372444	1.5150512882107678	0.256860017859018	0.6942035312323499	2.870919533665408	0.03018747341999111	0.43018747341999114
cur_kal_10m_20200214	KP0861_AC_WP10	1602	85.96620238000527	2.1413457924969768	0.005193262234363696	0.5478430350395628	3.0667790713887886	0.061415035800971726	0.46141503580097176
cur_kal_10m_20200214	KP0863_AC_WP10	1856	106.30367876268194	1.7907051987851457	0.0	0.7366822385045794	2.824010449126885	0.06801436917217034	0.4680143691721704
cur_kal_10m_20200214	KP0879_AC_WP10	2752	84.04930323230896	1.685391975625943	0.0	0.70438899538954	1.931851296788144	0.07364783663209383	0.47364783663209387
cur_kal_10m_20200214	KP0881_AC_WP10	5597	47.3151270538823	1.951768777364594	0.0	0.5711452699732462	3.4293600787481653	0.09298953690104407	0.4929895369010441
cur_kal_10m_20200214	KP0883_AC_WP10	8539	76.77701568286442	2.418365637665657	0.03516359185360948	0.5759858432021897	3.091825725223322	0.13200278864002254	0.5320027886400226
cur_kal_10m_20200214	KP0885_AC_WP10	5451	73.88568229898647	2.3061442691275635	0.009687364126480798	0.7313890341131211	3.2562538143402313	0.09774678627175422	0.4977467862717542
cur_kal_10m_20200214	KP0887_AC_WP10	7956	33.41638891073873	1.4471665561275646	0.5094363612909576	0.4301325367992382	2.818282453208458	0.10053302187028995	0.5005330218702899
cur_kal_10m_20200214	KP0889_LM_WP10	16069	54.19493803513274	1.0068301157044983	0.4958129848886558	0.4946015426607776	2.596564651462164	0.17705362889992002	0.5770536288999201
cur_kal_10m_20200214	KP0891_AC_WP10	350	26.71577256472653	1	0.5928458352660957	0.4944443961880247	2.760732558338269	0.02650726190512751	0.42650726190512755
cur_kal_10m_20200214	KP0893_LM_WP10	3484	39.210573435304	1	1.037010608362362	0.48675929453930383	2.300958027414699	0.1180498997196631	0.5180498997196631
cur_kal_10m_20200214	KP0895_AC_WP10	3961	52.11267177335948	1.0575759341479478	0.6885508397463626	0.4858019541329253	2.270888617062733	0.09461530846254929	0.4946153084625493
cur_kal_10m_20200214	KP0899_HU_WP10	82	34.99502162807127	2.1874949328931663	0.00848027762472656	0.6488291598684081	2.239882926933045	0.015018396693798747	0.41501839669379875
cur_kal_10m_20200214	KP0903_HU_WP10	275	50.711597210630046	1.0415747470670023	0.0	0.5789975502135964	2.43648303999382	0.023439329322118008	0.42343932932211803
cur_sna_05m_20200303	KP0130_AC_SB05	469	119.0822370436256	1.2255802960444746	1.4624051197132883	0.39426218602083457	1.7654634575883235	0.027113178956003958	0.427113178956004
cur_sna_05m_20200303	KP0132_HU_SB05	405	65.88072125137299	1.3529505884240336	0.007556333705898966	0.68695365615209	1.5367661639394576	0.02924119554203976	0.42924119554203977
cur_sna_05m_20200303	KP0133_HU_SB05	438	42.76573004459858	1.2999044984826096	0.24877317743787372	0.44174304760914246	1.5548651676740772	0.029691595335722694	0.4296915953357227
cur_sna_05m_20200303	KP0134_HU_SB05	109	61.79888013612875	1.5117119805188513	0.03561913611995301	0.25668442500532657	1.3332161644480502	0.02111268939111204	0.42111268939111207
cur_sna_05m_20200303	KP0135_HU_SB05	681	57.799646697793065	1.0870058342173305	0.0017202678459197311	0.524843543269616	1.5092019956357872	0.03428723284415589	0.43428723284415593
cur_sna_05m_20200303	KP0137_HU_SB05	250	89.56955984455317	1.743706037792137	0.13725678902072208	0.34634251515947617	1.4327018018916873	0.022478684340776146	0.4224786843407762
cur_sna_05m_20200303	KP0138_HU_SB05	45	90.71000701628739	1.1389379374612454	0.0	0.297248251680444	1.4916793782486877	0.009273946186013413	0.4092739461860134
cur_sna_05m_20200303	KP0139_HU_SB05	107	93.78134352689275	1	0.05017763114222213	0.23214683011836726	1.2615585018515865	0.013775104479925039	0.41377510447992505
cur_sna_05m_20200303	KP0140_HU_SB05	199	75.25086310098018	1.017066439474608	0.07918208760079765	0.1880675633736921	1.2782751550232643	0.01687970330190581	0.4168797033019058
cur_sna_10m_20200303	KP0051_AC_SB10	5485	51.15471804683995	1.1534926116073283	0.622379883353706	0.6013939036711856	2.35466516206786	0.09704002418356235	0.49704002418356236
cur_sna_10m_20200303	KP0052_AC_SB10	3323	62.69911081036049	1.166146401598745	0.8429793611858278	0.5397794487642215	2.442129306632553	0.08269655002228292	0.48269655002228296
cur_sna_10m_20200303	KP0053_AC_SB10	475	115.81504509102423	1.90070743031617	0.0	0.5567186344440335	2.245732204507957	0.03985970476320339	0.4398597047632034
cur_sna_10m_20200303	KP0054_AC_SB10	259	121.59441989119874	2.001441936272341	0.031989598007920624	0.629666786222775	2.061964820993562	0.033564081000156246	0.43356408100015625
cur_sna_10m_20200303	KP0056_AC_SB10	179	105.76298891911635	1.1950441716418259	0.08169829283148111	0.5115253735526343	2.128688600822232	0.02113954890638285	0.4211395489063829
cur_sna_10m_20200303	KP0057_AC_SB10	2790	24.7723049931312	1.729072565849762	0.003960035597811415	0.46535623123400516	2.0352594431336155	0.06656789283397364	0.46656789283397365
cur_sna_10m_20200303	KP0058_AC_SB10	3560	33.533764837902474	1.3751895548856488	0.05108637854488956	0.5232693125448428	2.2496718506588924	0.0712486962387588	0.4712486962387588
cur_sna_10m_20200303	KP0059_AC_SB10	195	80.18431008105449	2.1748976545106022	0.005693406386974885	0.40507155872401507	2.0134447085996716	0.024808334589112857	0.4248083345891129
cur_sna_10m_20200303	KP0061_AC_SB10	5657	115.24083605355393	2.0197998639076102	0.0	0.6640143430446096	2.0152083740657023	0.11609444442770232	0.5160944444277024
cur_sna_10m_20200303	KP0062_AC_SB10	3337	37.37007700250509	1.8118576580732961	0.026448224617341767	0.5775731649015204	2.007363476812085	0.07332822539165894	0.473328225391659
cur_sna_10m_20200303	KP0064_AC_SB10	2784	76.2115586571663	1.9248048302896106	0.006296048308984838	0.5628387518912706	2.275896509495877	0.06355514961227826	0.4635551496122783
cur_sna_10m_20200303	KP0065_AC_SB10	759	116.47821209543594	1.4574304105238005	0.0	0.6529421212497979	2.4421995324201338	0.03942291432055722	0.43942291432055725
cur_sna_10m_20200303	KP0066_AC_SB10	4478	25.812260356550063	1.1373536475658774	0.9113938039184646	0.5118783104085974	2.537336098123087	0.0884183492607927	0.48841834926079275
cur_sna_10m_20200303	KP0067_LM_SB10	1554	90.50872689042652	1.1987314594934952	0.06408239796730819	0.5799268765235541	2.5381241025737173	0.060619272060713186	0.4606192720607132
cur_sna_10m_20200303	KP0068_AC_SB10	1339	20.561408757794773	1.2884169462568553	0.0	0.540144491666049	2.373895899730642	0.04009660611988281	0.4400966061198828
cur_sna_10m_20200303	KP0069_AC_SB10	40252	45.726828463828724	1.5003461995487357	0.008437857331610248	0.5925327748151203	2.4182975175280985	0.21468030667405164	0.6146803066740516
cur_sna_10m_20200303	KP0070_AC_SB10	2612	106.27103970954904	1.0414437619872674	0.8976151733674534	0.5398922560947783	2.3078095518888766	0.0874693749126444	0.4874693749126444
cur_sna_10m_20200303	KP0071_AC_SB10	1636	119.38673021152023	1.048192267832124	0.750446864261596	0.5356971706931261	2.286442582973734	0.07056233314113106	0.47056233314113105
cur_sna_10m_20200303	KP0072_AC_SB10	1306	134.32171129194526	1.490680738935391	0.08075137505215318	0.5231046635078639	2.2196022699889757	0.0386944658270037	0.4386944658270037
cur_sna_10m_20200303	KP0073_HU_SB10	161	36.88729342578642	1.1728873163777656	0.0	0.5611146987322025	2.068380945025947	0.020375635958623992	0.42037563595862404
cur_sna_10m_20200303	KP0074_AC_SB10	1022	62.54780835573582	1.6515245604082325	0.0	0.4530762467624695	2.4247435981996297	0.04687839938643155	0.4468783993864316
cur_sna_10m_20200303	KP0076_AC_SB10	1211	27.61529894801159	1.0676846904914157	0.2398730426700899	0.3657657921129036	2.1534670394528117	0.05451575874831606	0.45451575874831607
cur_sna_10m_20200303	KP0077_AC_SB10	541	116.81079966928816	1	0.29859754467447086	0.3981822315166862	2.3116174565477565	0.04150117994660352	0.44150117994660354
cur_sna_10m_20200303	KP0078_AC_SB10	584	127.90694525256423	1.521805853884124	0.8025117097554239	0.49027955266824186	2.369544136937082	0.029751049690567525	0.42975104969056754
cur_sna_10m_20200303	KP0079_LM_SB10	716	100.1737572802588	1.4698049829310915	0.7412364706217384	0.5043639408252732	2.399668601465577	0.04193673503797598	0.441936735037976
cur_sna_10m_20200303	KP0082_AC_SB10	5741	14.122466384833963	2.0679227389250148	0.0	0.4266527860406482	2.3963540393615324	0.09472323397835035	0.4947232339783504
cur_sna_10m_20200303	KP0083_AC_SB10	5862	18.500348715606076	1.659864804804667	0.035897647873011335	0.5063498319751011	2.3495899335812447	0.09881686027234186	0.4988168602723419
cur_sna_10m_20200303	KP0084_AC_SB10	384	24.852249056735495	1.2122804404271872	0.5696923680481762	0.42924719091165364	2.219899520748434	0.03065166202040113	0.43065166202040117
cur_sna_10m_20200303	KP0085_AC_SB10	1384	16.05714112058564	1.3067155229473746	1.010285443307382	0.46862678771759453	2.419317248801997	0.05792106051043635	0.45792106051043635
cur_sna_10m_20200303	KP0086_LM_SB10	4794	38.50817465068156	1.6548609691965048	1.0332796125013977	0.4475196921301614	2.479757030921302	0.09598010464527905	0.4959801046452791
cur_sna_10m_20200303	KP0087_AC_SB10	1462	32.297289359749975	1.614180376649759	0.03306964703993546	0.4290423953563513	2.3136981327149173	0.052659712499380444	0.4526597124993805
cur_sna_10m_20200303	KP0088_AC_SB10	5483	79.93081198590772	1.9825812570715178	0.04480283792152679	0.4674177206597299	2.3076659009688516	0.1131772897483072	0.5131772897483072
cur_sna_10m_20200303	KP0089_AC_SB10	5868	5.924982431525718	1.222821880934669	0.6770549520803457	0.4795079297949422	2.1944506286574827	0.08335800394650614	0.4833580039465062
cur_sna_10m_20200303	KP0090_AC_SB10	354	5.798663318263951	1.6291565681720035	0.0	0.5843047160099547	2.350271619158751	0.030657233441047947	0.43065723344104795
cur_sna_10m_20200303	KP0091_HU_SB10	178	26.771836309786636	1.12735064924381	0.7690006987206639	0.4566455722388553	2.2699250550718304	0.01918006736209254	0.41918006736209257
cur_sna_10m_20200303	KP0092_HU_SB10	304	89.89633562644366	1.177777106675437	0.42089564443893673	0.48422758159200097	2.3379275001680426	0.024789291529124177	0.4247892915291242
cur_sna_10m_20200303	KP0093_HU_SB10	314	53.61860555426621	1.1912696459261547	0.882609295507251	0.4693475831267884	2.4025756800172053	0.024560985713815396	0.4245609857138154
cur_sna_10m_20200303	KP0094_HU_SB10	674	49.023537467192355	1.0079627829606317	0.32524615137603347	0.47871599787958347	2.428055574495055	0.03869241116810207	0.4386924111681021
cur_sna_10m_20200303	KP0095_AC_SB10	378	34.02768922338717	1.1972025104252109	0.552223095944072	0.46764460054816204	2.505070364864238	0.030180570266319696	0.43018057026631973
cur_sna_10m_20200303	KP0098_AC_SB10	635	32.741521473402074	1.2521790757713023	0.2388373720284282	0.52706294003636	2.3220247094133684	0.03970508499616805	0.43970508499616806
cur_sna_10m_20200303	KP0099_AC_SB10	161	67.29523508909497	1	0.5585088965022112	0.3990200119019287	2.0729395000812887	0.017943288464461787	0.4179432884644618
cur_sna_10m_20200303	KP0100_AC_SB10	630	111.87427788214673	1.888663958831108	0.0	0.6480909229094128	2.260350795523424	0.028064383280625695	0.42806438328062574
cur_sna_10m_20200303	KP0101_AC_SB10	3022	98.95105169244067	1.7644645231193776	0.0	0.8116621999054864	1.8939099338222636	0.0839247446824599	0.48392474468245994
cur_sna_10m_20200303	KP0102_AC_SB10	15036	121.75099512755672	1.6456558050067285	0.0	0.7186282576038597	2.1289074405326636	0.14990573302262716	0.5499057330226271
cur_sna_10m_20200303	KP0103_AC_SB10	1325	99.98539531311151	1.8746987808031186	0.4329858585949297	0.643293753839284	2.4078323485884288	0.04793671152622206	0.44793671152622205
cur_sna_10m_20200303	KP0104_AC_SB10	1774	115.83521924344389	2.193109381488399	0.0	0.7838790245571956	2.2766859692591215	0.06056615236911239	0.4605661523691124
cur_sna_10m_20200303	KP0105_AC_SB10	950	70.60035539543672	1.0855213376857484	0.018292551927407905	0.7358050782372494	2.2235161876656657	0.038324766699859555	0.4383247666998596
cur_sna_10m_20200303	KP0107_AC_SB10	4006	58.17054746889757	1.2745118274807652	0.010255240436701101	0.5366269224203067	2.1322594440301756	0.08164338123557965	0.4816433812355797
cur_sna_10m_20200303	KP0108_AC_SB10	1579	26.228355038057845	1.7656469891718753	0.292521935157443	0.49755030875715717	2.4238739602610346	0.05109304835444775	0.45109304835444775
cur_sna_10m_20200303	KP0109_LM_SB10	4067	24.64457227094998	1.364191722209366	0.8101766274280636	0.48248399056363944	2.014959225199316	0.0874533530002641	0.48745335300026416
cur_sna_10m_20200303	KP0112_AC_SB10	1254	42.44174878034691	1.5461216337190558	0.24102072880473333	0.5090486511188034	2.1966276316799798	0.04275709655321262	0.44275709655321266
cur_sna_10m_20200303	KP0113_LM_SB10	4112	74.25652813095404	1.0161457205109914	0.12555070516056643	0.5497499333683493	1.8703766168973315	0.08599884694288323	0.48599884694288326
cur_sna_10m_20200303	KP0116_AC_SB10	3076	127.86217917839123	2.2107826052212247	0.0	0.4359101234250092	1.476311548337426	0.08081345909715003	0.48081345909715006
cur_sna_10m_20200303	KP0117_AC_SB10	1753	42.07667200761987	1.2375203219034299	0.30950603924055764	0.5872420245666781	2.0632252551404746	0.05482109418233124	0.45482109418233124
cur_sna_10m_20200303	KP0119_AC_SB10	6341	20.25100847468829	1.0360905228743045	0.010511521287338075	0.4958553165628539	2.077240229139112	0.12852770949310155	0.5285277094931016
cur_sna_10m_20200303	KP0121_AC_SB10	702	109.69478079778442	2.115257541353405	0.0	0.6135178281543094	1.8673431960379117	0.03886701541715824	0.4388670154171583
cur_sna_10m_20200303	KP0122_AC_SB10	1499	95.89605779727815	2.2229510856703825	0.25359389792994536	0.4604564552203589	2.0390752717173766	0.050857853175419285	0.4508578531754193
cur_sna_10m_20200303	KP0123_AC_SB10	10086	8.573672347202232	2.041219712283967	0.0	0.7821932608961433	2.2544974474333133	0.12244030042146085	0.5224403004214608
cur_sna_10m_20200303	KP0124_AC_SB10	1852	122.1109539401889	1.7286325729791685	0.0	0.666385964085112	1.9498727809653797	0.0674411394664847	0.4674411394664847
cur_sna_10m_20200303	KP0125_AC_SB10	610	35.64344021694728	1.764119306165205	0.0	0.49427694388550025	1.8845620364779396	0.03005731598304444	0.4300573159830445
cur_sna_10m_20200303	KP0126_AC_SB10	7645	24.561793695197217	1.6418265018712577	0.0	0.5263506014342758	1.9145206172911415	0.15014322308433484	0.5501432230843348
cur_sna_10m_20200303	KP0127_AC_SB10	5553	5.399390122391904	1.544734758007171	0.0	0.6733345287416386	2.076291413554419	0.10599821719245374	0.5059982171924537
cur_sna_10m_20200303	KP0128_LM_SB10	274	42.574358734551055	1.2858410519145753	0.2216959798703917	0.47597135908050975	2.0922713179895154	0.027374081797844334	0.42737408179784436
cur_sna_10m_20200303	KP0129_AC_SB10	1657	70.12394424955916	1.4753607297107496	0.0	0.5279290998459322	1.7448266966516646	0.04725208336739374	0.44725208336739375
cur_sna_20m_20200303	KP0613_LM_SB20	15916	40.68830180205016	1.3572391177087089	0.009240896159407482	0.49385636816821216	2.943009766450229	0.15420169583933502	0.554201695839335
cur_sna_20m_20200303	KP0614_LM_SB20	7913	132.97170201116558	1.1654058297978391	0.5585141188203624	0.38743051638122117	2.5287403855687907	0.11285641469989709	0.5128564146998971
cur_sna_20m_20200303	KP0615_AC_SB20	224	12.166155770393297	1.1413203576589646	0.0	0.48404535485049993	3.122932532073166	0.02152954897532072	0.42152954897532074
cur_sna_20m_20200303	KP0616_LM_SB20	3749	15.109442775516413	1.1333752362461922	0.8731424916733669	0.30986235594839406	1.9630311662759925	0.07637802201698687	0.47637802201698687
cur_sna_20m_20200303	KP0617_LM_SB20	19935	133.13921720075896	1.1134113842035824	0.0019212518361476354	0.457670981454779	2.9886614779854312	0.17876250186881762	0.5787625018688176
cur_sna_20m_20200303	KP0618_LM_SB20	7488	117.27145313649824	1.126270461330509	0.35515677066740925	0.5479850554865587	2.596910701823822	0.109613358819656	0.5096133588196561
cur_sna_20m_20200303	KP0619_AC_SB20	2118	41.13314686086833	1.8363310161147113	0.0	0.5191260329288854	3.491634234770833	0.06051440246523425	0.4605144024652343
cur_sna_20m_20200303	KP0620_LM_SB20	10419	29.4662546132788	1.062428037137224	0.9164722742129698	0.4496395254846125	2.7455294557414884	0.13514666434942438	0.5351466643494244
cur_sna_20m_20200303	KP0621_LM_SB20	7427	125.33195584578205	1.1782040858385312	0.4509684252168538	0.46961788005835037	2.8485029989684243	0.10826371242199574	0.5082637124219958
cur_sna_20m_20200303	KP0623_LM_SB20	29813	125.49247274365389	1.197036897106956	0.21184015225481628	0.3304827527893476	2.639945495461545	0.21358160456238084	0.6135816045623809
cur_sna_20m_20200303	KP0624_AC_SB20	15886	21.514626045862098	1	0.2511018654561675	0.6425769812846786	2.4056483831845528	0.1600926702116064	0.5600926702116065
cur_sna_20m_20200303	KP0626_AC_SB20	8639	20.16644634291365	1.0635170426097849	0.015748911432359097	0.6147515860494771	2.7255482910374975	0.12053655963583638	0.5205365596358364
cur_sna_20m_20200303	KP0628_AC_SB20	1067	41.023347249979025	1.0135192090942384	0.10408999958730658	0.5481124513584431	2.541318595010357	0.048396763618178934	0.44839676361817893
cur_sna_20m_20200303	KP0629_LM_SB20	5092	50.81859197900226	1.3019038300516146	0.7815545922360886	0.4973003506091313	3.541473030690452	0.09763438787598515	0.4976343878759852
cur_sna_20m_20200303	KP0630_AC_SB20	268	111.42646110806366	1.1986441022761158	1.2323122135797457	0.5222044836548784	2.3942096016940186	0.026117052573951704	0.4261170525739517
cur_sna_20m_20200303	KP0631_LM_SB20	11054	4.431477436359876	1.3164927644769142	1.0307361863845366	0.4349284100037893	2.3108363566466874	0.1446132303947363	0.5446132303947363
cur_sna_20m_20200303	KP0632_AC_SB20	98	25.4576638649875	1.9398413574474063	0.0	0.6104168634044114	2.8667061299805687	0.015874228650017034	0.41587422865001705
cur_sna_20m_20200303	KP0633_AC_SB20	8023	48.09988243310305	1.1424078595601281	0.20840213183695133	0.5349274819307721	3.265436252510701	0.11601023029295156	0.5160102302929516
cur_sna_20m_20200303	KP0635_AC_SB20	3916	74.5005042350244	2.0108889213792054	0.0	0.5581884293986141	3.095566934142921	0.08103292098879536	0.48103292098879535
cur_sna_20m_20200303	KP0636_AC_SB20	1609	93.88684675601445	2.0584999700880084	0.0	0.6631800133000266	2.276777848087344	0.05894303622403729	0.4589430362240373
cur_sna_20m_20200303	KP0637_LM_SB20	18362	128.05742596838027	1.1559760222404305	0.4026787782827477	0.4725698370889316	2.9785246853318235	0.14832425811229946	0.5483242581122995
cur_sna_20m_20200303	KP0638_AC_SB20	9667	19.114899096296902	1.4154659461352914	0.0007259576003517424	0.516517446149964	2.5634682106952527	0.12637310112856162	0.5263731011285616
cur_sna_20m_20200303	KP0639_LM_SB20	53409	125.78071649982208	1.104123400453049	0.7198685691276655	0.4367046694006948	2.928355757192874	0.29226362598363503	0.692263625983635
cur_sna_20m_20200303	KP0640_AC_SB20	13706	38.714399767695795	1.3984811746522632	0.08361499422668973	0.380041443581896	2.4103753927186573	0.12990848424870796	0.529908484248708
cur_sna_20m_20200303	KP0641_LM_SB20	5129	121.31097556685827	1.1255507895751324	0.13232446243701074	0.4946262396078221	2.7304153958520434	0.09302180140313301	0.493021801403133
cur_sna_20m_20200303	KP0642_AC_SB20	480	109.17899343557968	1.6372779927733905	0.0	0.5371552326957361	2.3072091379268445	0.03568869183799144	0.43568869183799147
cur_sna_20m_20200303	KP0643_AC_SB20	4811	31.640831138609126	1.179988906165436	0.008032086021860086	0.5238476493846769	2.568416816225856	0.07687407879517912	0.4768740787951791
cur_sna_20m_20200303	KP0644_AC_SB20	2541	40.3855922460732	1.3894896391340328	0.1307837435726624	0.6044858344883561	2.8597235341809237	0.06654098830827432	0.46654098830827434
cur_sna_20m_20200303	KP0646_AC_SB20	786	51.241785424830674	1.7916498011361046	0.0	0.7173518810502322	2.403826211716986	0.041002716627394985	0.441002716627395
cur_sna_20m_20200303	KP0647_AC_SB20	1630	114.3360493641044	1.2267930230661301	0.0	0.5494271974027612	2.667286945132949	0.07809989216840121	0.4780998921684012
cur_sna_20m_20200303	KP0648_AC_SB20	2836	93.30541472162925	2.0181925730276378	0.1383226769945709	0.6307728529568518	3.3324985468165678	0.056384982164827784	0.4563849821648278
cur_sna_20m_20200303	KP0649_AC_SB20	6504	24.201721468704875	1.1412555023229463	0.1275445586610203	0.4239496033718421	2.953737372605103	0.10721637793333874	0.5072163779333387
cur_sna_20m_20200303	KP0650_LM_SB20	21943	102.71772964420887	1.6867841309515141	0.0	0.7074805214190043	2.406565428923588	0.1551674905254847	0.5551674905254848
cur_sna_20m_20200303	KP0651_AC_SB20	785	22.700324201034753	1.0051701457936486	0.3230117609766338	0.5132812672026318	3.2849014013400724	0.0439368615504439	0.44393686155044393
cur_sna_20m_20200303	KP0652_AC_SB20	895	52.21784883676402	1	1.105643864079982	0.6330960986240763	2.300182693201459	0.038368312828803805	0.43836831282880384
cur_sna_20m_20200303	KP0654_AC_SB20	11624	17.645716500625085	1.548930646603377	0.0008833589082705038	0.662917375322695	2.500471920077402	0.11589139604535276	0.5158913960453528
cur_sna_20m_20200303	KP0655_LM_SB20	31693	124.3063329792058	1.142084614400837	0.330606907857721	0.519676533770777	3.2668887675396068	0.2096208775824638	0.6096208775824639
cur_sna_20m_20200303	KP0656_AC_SB20	6105	94.02731939094798	1.1663177033905885	0.0	0.6951902821047264	2.3020045233496047	0.09456463525852113	0.4945646352585211
cur_sna_20m_20200303	KP0657_LM_SB20	3818	38.72718972843055	1.0697694612514546	0.9260178514513563	0.40225720233068557	1.9021074243641098	0.09349230735985538	0.4934923073598554
cur_sna_20m_20200303	KP0658_AC_SB20	4908	19.27193895342051	1	4.6749139822235637e-07	0.6006710796000625	2.393088669732286	0.06982451910155618	0.4698245191015562
cur_sna_20m_20200303	KP0659_LM_SB20	305	48.43157081286697	1.1098562668115617	0.8111450817777073	0.49469671684283073	2.1923536616816026	0.024859435757284363	0.4248594357572844
cur_sna_20m_20200303	KP0660_AC_SB20	258	116.66838264975242	1.249637596953275	0.0	0.5439114690905237	2.240902689535885	0.026157850577926425	0.42615785057792643
cur_sna_20m_20200303	KP0661_AC_SB20	182	56.4984419286981	1.6084890685982882	0.0	0.49917552087616884	2.3040752851554225	0.02251305025556297	0.422513050255563
cur_sna_20m_20200303	KP0662_AC_SB20	10679	37.98865615736697	1.1152215501575613	0.20557748638073878	0.5193099169203392	2.1889649915824014	0.10726021420216603	0.507260214202166
cur_sna_20m_20200303	KP0663_AC_SB20	14090	22.876990597194567	1.077811276935511	0.021478760485355682	0.6702485593694091	3.026707983785778	0.17063056912392754	0.5706305691239275
cur_sna_20m_20200303	KP0664_LM_SB20	14663	131.3619743803946	1.207006416233163	0.060479523410062644	0.4574400550747631	2.3683497322149227	0.1603291139467507	0.5603291139467508
cur_sna_20m_20200303	KP0665_AC_SB20	5962	11.334227635771223	1.1443819078747703	0.0	0.5760995125261446	2.954550043385672	0.1067084952130005	0.5067084952130005
cur_sna_20m_20200303	KP0666_LM_SB20	26362	20.82831325886503	1.2393281859186194	0.0	0.4256076927622732	2.32382496271759	0.21311127698966592	0.6131112769896659
cur_sna_20m_20200303	KP0668_AC_SB20	3769	35.798475596950425	1.3832268448214924	0.004100144560499546	0.4027382415796018	2.3048299456121932	0.09365914734866489	0.4936591473486649
cur_sna_20m_20200303	KP0670_LM_SB20	645	120.26335933270136	1.0353464318697985	0.12343537174349359	0.38713366329579396	2.209814792949555	0.041695029779893596	0.4416950297798936
cur_sna_20m_20200303	KP0672_AC_SB20	1938	12.57004458189664	1.0467960722447094	0.014777065072100078	0.4669295958388475	2.5508194447797123	0.061431422909713186	0.46143142290971323
cur_sna_20m_20200303	KP0674_AC_SB20	5907	24.190345588596205	1.3844895270029263	0.00014792835630941044	0.4392348808800656	2.7329571767704866	0.10196371986756375	0.5019637198675637
cur_sna_20m_20200303	KP0676_LM_SB20	37912	37.72188204521545	1.1868065112616197	0.06870019274993543	0.5028233906252585	3.508952062417484	0.22906101147756602	0.6290610114775661
cur_sna_20m_20200303	KP0678_AC_SB20	1513	128.47058818364326	1.2857467061000132	0.03387589701474619	0.47983940584040013	3.4178994610483704	0.054304451517419285	0.4543044515174193
cur_sna_20m_20200303	KP0679_AC_SB20	1213	85.55243157489448	1.760049040666875	0.15501995974285804	0.5639986169763749	3.198807723389989	0.0415712571519234	0.4415712571519234
cur_sna_20m_20200303	KP0680_LM_SB20	18368	4.394465506359109	1.6824689232705914	0.2473520617792852	0.4656823741868191	2.7218483216785834	0.16880612982225465	0.5688061298222546
cur_sna_20m_20200303	KP0681_AC_SB20	1265	76.11549541926351	1.3133168068853198	0.0	0.6266976799635308	3.6104033873147223	0.05270868631784221	0.4527086863178422
cur_sna_20m_20200303	KP0682_LM_SB20	8411	129.2801610866652	1.1529532696663443	0.22143199007158862	0.5033683592605879	3.8023080615364218	0.11604491906962809	0.5160449190696281
cur_sna_20m_20200303	KP0683_AC_SB20	2877	43.67233267797599	1.0583840076867765	0.7624914649173605	0.5634805447730714	3.604731056196893	0.0736744280985672	0.4736744280985672
cur_sna_20m_20200303	KP0684_LM_SB20	1392	36.82623079448486	1.3058955520822855	0.004836770699750889	0.4944137576049917	2.510375652990215	0.04960184821649463	0.4496018482164946
cur_sna_20m_20200303	KP0685_AC_SB20	11142	43.44108819997703	1.5761404847714344	0.06017769325223323	0.5318582404702724	2.6018816689840754	0.12302083346346153	0.5230208334634615
cur_sna_20m_20200303	KP0686_AC_SB20	416	105.47540205348449	1.5847685796026034	0.0	0.4432260190192509	2.2942069281218167	0.03407748277876032	0.43407748277876035
cur_sna_20m_20200303	KP0687_AC_SB20	12278	35.89378274700868	1.0197711883495264	0.3114105046953057	0.5274663729434794	2.7561602925094837	0.1416721468877594	0.5416721468877594
cur_sna_20m_20200303	KP0688_AC_SB20	10290	41.244336850629	1.2275087130209323	0.0	0.7224680474259987	2.7098160857220273	0.11979894368232791	0.5197989436823279
cur_sna_20m_20200303	KP0689_AC_SB20	1402	97.46998953489442	1.553822335498201	1.1090464173250194	0.5606612837185221	2.498143388426284	0.04542499197041848	0.4454249919704185
cur_sna_20m_20200303	KP0690_AC_SB20	21978	128.90301706421985	1.5614946013397533	0.06482372466874865	0.6385788842846719	2.7207308692405037	0.1842313371140225	0.5842313371140225
cur_sna_20m_20200303	KP0691_AC_SB20	274	97.68921251434101	2.026215993378405	0.6309660366360702	0.577803234927429	2.3564209901227366	0.03540094550242059	0.4354009455024206
cur_sna_20m_20200303	KP0692_AC_SB20	8845	16.682478587673447	1	0.7356301336253318	0.547821659557027	2.6543083743085587	0.11134381335250701	0.511343813352507
cur_sna_20m_20200303	KP0693_AC_SB20	11370	32.75952632040914	1.255712818719257	0.2133735422558661	0.461221888666884	2.8783372052089433	0.1301122505086805	0.5301122505086805
cur_sna_20m_20200303	KP0694_LM_SB20	38997	127.2414875873419	1.1855507959686786	0.015892907537097926	0.48307496697562663	2.7471556196282214	0.22742002326132135	0.6274200232613214
cur_sna_20m_20200303	KP0695_AC_SB20	1823	94.66305759449679	1.6618071525071	0.7254355806947492	0.543844153906847	2.5565330541016937	0.04821664864383619	0.4482166486438362
cur_sna_20m_20200303	KP0696_AC_SB20	451	42.40850745375195	1.0082546624657764	0.8897775948294601	0.5041377492916981	1.8271019524422254	0.03273835303784461	0.43273835303784464
cur_sna_20m_20200303	KP0697_AC_SB20	2426	89.90773452494875	1.5142148841874181	0.0	0.49404157702671714	2.5269487754188718	0.07927765464330574	0.47927765464330574
cur_sna_20m_20200303	KP0698_AC_SB20	27666	126.89318028875817	1.2073607709747538	0.052008284329776104	0.5423942888823543	2.6769675226649374	0.20917823231563648	0.6091782323156365
cur_sna_20m_20200303	KP0699_AC_SB20	753	122.31552721714493	1.0086831222766952	0.0	0.5295979898451922	2.5115694939289845	0.040081727785611025	0.44008172778561105
cur_sna_20m_20200303	KP0700_LM_SB20	32404	130.72973328020558	1.1913052509114277	0.6313593632159777	0.4578499824327202	2.4485431018689563	0.23876924132136898	0.638769241321369
cur_sna_20m_20200303	KP0702_AC_SB20	6097	22.589255326293905	1.144683325143123	0.008952657537884922	0.6821123380464821	2.9481839177373765	0.09605572267819129	0.4960557226781913
cur_sna_20m_20200303	KP0703_AC_SB20	5722	86.11849479660759	1.9115409891920527	0.0016343606213277413	0.6240080044021948	2.426576729484297	0.08067898929913905	0.4806789892991391
cur_sna_20m_20200303	KP0704_AC_SB20	16514	48.50869591691067	1.6628249158282702	0.09761312755923779	0.45844943091821444	2.91044095751984	0.13882085089672852	0.5388208508967285
cur_sna_20m_20200303	KP0706_LM_SB20	12782	117.9084001794215	1.315779512752979	0.3582066894287968	0.38754915636006054	2.6065654201447765	0.1325641454482525	0.5325641454482526
cur_sna_20m_20200303	KP0707_LM_SB20	26279	25.633270742802175	1.226707585493985	0.38624935985095266	0.448901930034233	2.8995506611852355	0.18759064909391976	0.5875906490939198
