	x	y	z
KP0613_LM_SB20	0.370328201	0.18015658	-1.629200801
KP0614_LM_SB20	-1.042826939	0.212119199	-1.831002749
KP0615_AC_SB20	-0.364079555	-0.404322788	-2.064614451
KP0616_LM_SB20	-1.36226806	0.630276236	-1.672793438
KP0617_LM_SB20	-0.74320446	-0.550779997	-2.179085274
KP0618_LM_SB20	-1.786224688	0.616555313	-0.960512264
KP0619_AC_SB20	-0.946386402	-0.422482906	-2.042671528
KP0620_LM_SB20	-1.891846294	0.822051094	-1.024858614
KP0621_LM_SB20	-1.060348551	-0.155291431	-1.98386582
KP0622_AC_SB20_X	-2.161448291	0.481947626	-0.885993096
KP0623_LM_SB20	-1.581225052	-0.458562429	-2.303095796
KP0624_AC_SB20	-2.000136715	0.920248515	-0.619458347
KP0625_AC_SB20_X	-1.675260198	-0.247462846	-1.470429556
KP0626_AC_SB20	-2.04133296	1.03079719	-0.519262532
KP0627_AC_SB20_X	-2.199451265	0.233132485	-1.051206762
KP0628_AC_SB20	-2.220938518	1.216365763	-0.480905263
KP0629_LM_SB20	-2.648979557	0.495330322	-0.855160781
KP0630_AC_SB20	-2.340483517	0.85149585	-0.61756035
KP0631_LM_SB20	-2.954244224	0.354049409	-1.365905621
KP0632_AC_SB20	-2.16504203	1.056768677	-0.419396278
KP0633_AC_SB20	6.618238913	1.331368222	-0.459101335
KP0634_LM_SB20_X	-3.077661804	1.093373945	-0.755220389
KP0635_AC_SB20	6.444399311	0.877421149	-0.951397694
KP0636_AC_SB20	6.84388909	1.606566607	-0.08938512
KP0637_LM_SB20	5.606276207	0.602783761	-1.271297131
KP0638_AC_SB20	6.552437678	1.863758624	-0.263631304
KP0639_LM_SB20	5.295471102	0.62910401	-1.151036897
KP0640_AC_SB20	6.800376201	2.171661	-0.280883648
KP0641_LM_SB20	5.181648555	0.468921906	-1.378516396
KP0642_AC_SB20	6.276125636	1.863562516	-0.263235391
KP0643_AC_SB20	4.937887448	0.144861036	-1.535964959
KP0644_AC_SB20	6.135639484	1.784163292	-0.495212646
KP0645_AC_SB20_X	3.48209654	0.247394316	-0.986606392
KP0646_AC_SB20	5.920161219	1.522999608	-0.457568074
KP0647_AC_SB20	3.049502693	-0.332949095	-1.35557077
KP0648_AC_SB20	5.765371122	1.623317358	-0.521697077
KP0649_AC_SB20	2.59801755	0.236798377	-1.305748369
KP0650_LM_SB20	4.728856274	1.930652503	-0.200160739
KP0651_AC_SB20	2.469920446	0.014251787	-1.387475572
KP0652_AC_SB20	4.287194553	1.368811792	-0.531122817
KP0654_AC_SB20	4.009263045	1.123781152	-0.597080656
KP0655_LM_SB20	2.320627514	-0.744677253	-2.031201447
KP0656_AC_SB20	4.074427502	1.374732077	-0.511187821
KP0657_LM_SB20	11.2083023	2.107549508	-0.127563791
KP0658_AC_SB20	3.948992171	1.684469316	-0.560258456
KP0659_LM_SB20	11.13613957	1.800932845	-0.197158861
KP0660_AC_SB20	4.23723448	1.791756742	-0.416576205
KP0661_AC_SB20	10.48374916	1.422130718	-0.7115681
KP0662_AC_SB20	3.120058094	1.422401865	0.123918428
KP0663_AC_SB20	10.18480838	1.541151227	-0.345030571
KP0664_LM_SB20	2.962672465	0.810307156	-1.136910112
KP0665_AC_SB20	9.713626917	1.688233428	-0.103796622
KP0666_LM_SB20	2.61418542	0.843688729	-1.047090175
KP0667_AC_SB20_X	9.524625491	1.434638166	-0.232542158
KP0668_AC_SB20	2.187613232	0.913544804	-0.922995636
KP0669_AC_SB20_X	9.443715796	1.510710974	-0.160422521
KP0670_LM_SB20	1.985203548	0.948385922	-1.037496885
KP0671_AC_SB20_X	9.298811808	1.653579667	-0.143679635
KP0672_AC_SB20	2.053692404	0.351335648	-1.034691845
KP0673_AC_SB20_X	9.350703245	1.559120512	-0.248266825
KP0674_AC_SB20	1.876417326	0.430946705	-0.996767545
KP0676_LM_SB20	10.8501167	2.972363309	0.408952122
KP0678_AC_SB20	10.63379183	2.455584459	-0.016415735
KP0679_AC_SB20	14.61337895	3.57986857	1.340353981
KP0680_LM_SB20	9.975530603	2.181656088	-0.193676614
KP0681_AC_SB20	14.53185486	3.408815331	1.178169648
KP0682_LM_SB20	10.10365221	2.539386138	0.144115624
KP0683_AC_SB20	14.23646851	3.673088843	1.18141006
KP0684_LM_SB20	10.90050035	2.105967475	-0.119351191
KP0685_AC_SB20	14.41465913	2.663992867	0.619264434
KP0686_AC_SB20	8.091854703	2.697807679	0.482277943
KP0687_AC_SB20	14.29196824	2.924844605	0.67000146
KP0688_AC_SB20	7.986144213	2.003399184	0.167473463
KP0689_AC_SB20	13.94356184	2.698823719	0.710233445
KP0690_AC_SB20	7.688359265	1.644508177	-6.18E-05
KP0691_AC_SB20	13.76961689	2.681310618	0.789668491
KP0692_AC_SB20	8.488934214	1.71220877	-0.093160677
KP0693_AC_SB20	13.76065356	2.61330187	0.505782558
KP0694_LM_SB20	8.990064137	1.300945078	-1.119980077
KP0695_AC_SB20	13.68159782	2.83977632	0.741903025
KP0696_AC_SB20	8.587884026	1.314364766	-0.372643561
KP0697_AC_SB20	13.48722624	2.903309859	0.642929994
KP0698_AC_SB20	7.823379622	1.517732338	-0.275498392
KP0699_AC_SB20	13.39196753	2.835923889	0.560897518
KP0700_LM_SB20	7.773446521	1.407047913	-0.68513961
KP0702_AC_SB20	15.86971947	2.228003119	0.532566594
KP0703_AC_SB20	13.02256543	3.137777703	0.642171206
KP0704_AC_SB20	15.40442812	2.435553313	0.460262017
KP0705_AC_SB20_X	12.94478411	2.851319773	0.564048227
KP0706_LM_SB20	14.80665207	2.660227246	0.302804121
KP0707_LM_SB20	12.84613994	3.457933265	0.63693518
KP0708_AC_SB20	14.954174	2.302249339	0.323021479
KP0709_AC_SB20	12.70497979	3.436655991	0.909433835
KP0710_AC_SB20	14.59537835	2.472006986	0.297920603
KP0711_AC_SB20	12.3074028	3.418544561	1.100740743
KP0712_AC_SB20	14.18757096	2.4662289	0.452363227
KP0714_AC_SB20	13.82548589	1.887818584	-0.061939808
KP0715_LM_SB20	12.21300947	2.324497952	-0.215613352
KP0716_LM_SB20	12.65681435	2.332439516	0.302073954
KP0717_AC_SB20	21.44013905	2.656436558	1.544844365
KP0718_LM_SB20	12.14141851	2.070906383	-0.288250624
KP0719_AC_SB20	20.76768257	2.599061899	1.460328277
KP0720_AC_SB20	21.41876898	3.357998279	1.79772898
KP0721_AC_SB20	20.86587245	2.871772899	1.618843725
KP0722_AC_SB20	20.65494215	3.029095271	1.605443177
KP0723_AC_SB20	20.33088677	2.794424687	1.178272857
KP0724_AC_SB20	20.50675541	3.476422013	1.53883538
KP0725_LM_SB20	20.28475881	2.24778212	0.549109248
KP0726_AC_SB20	20.42829707	3.046603531	1.197209802
KP0727_AC_SB20	19.91667084	2.239218808	0.717652583
KP0728_AC_SB20	20.08987453	3.518114416	1.56163275
KP0729_LM_SB20	17.88668963	2.326825833	0.232296739
KP0730_AC_SB20	20.17465751	3.105206162	1.169508213
KP0731_LM_SB20	17.59729419	2.308220562	-0.058243186
KP0732_LM_SB20	19.8342833	3.31560875	1.264846966
KP0733_LM_SB20	17.69363034	1.944482361	-0.081135792
KP0734_AC_SB20	19.40985576	3.293447238	1.653148229
KP0736_AC_SB20	18.80109081	3.48660731	1.780779152
KP0217_AC_SQ20	-14.8773574	-0.207268577	-0.971889664
KP0218_AC_SQ20	-17.04874089	-0.282095313	-0.910104816
KP0219_AC_SQ20	-17.46165696	-0.336680314	-1.03460067
KP0220_AC_SQ20	-17.50873247	-0.130722132	-0.993719291
KP0221_AC_SQ20	-17.53845433	-0.107831621	-1.021289004
KP0222_AC_SQ20	-17.74597442	-0.580567987	-0.484160759
KP0224_AC_SQ20	-19.17544016	-1.208522827	-0.873858936
KP0225_AC_SQ20	-19.20454355	-1.489735619	-0.701097302
KP0226_AC_SQ20	-19.03643942	-1.366942093	-0.705880321
KP0227_AC_SQ20	-18.79583237	-1.32579192	-0.434998701
KP0228_AC_SQ20	-18.57820213	-1.085548424	-0.373556528
KP0229_AC_SQ20	-18.53016388	-1.000646484	-0.523145412
KP0230_AC_SQ20	-18.2811323	-1.080068838	-0.43244918
KP0231_AC_SQ20	-17.74857	-0.642289438	-0.415972756
KP0232_AC_SQ20	-17.73942545	-0.810825828	-0.427980895
KP0233_AC_SQ20	-17.67183929	-0.743387148	-0.539384876
KP0234_LM_SQ20	-16.54562	-1.60372211	-0.644298475
KP0235_AC_SQ20	-15.62227645	-1.374416391	-0.416014761
KP0236_AC_SQ20	-15.49870245	-0.88640307	-0.838365193
KP0237_AC_SQ20	-8.831351571	-0.886538597	-0.96890962
KP0238_AC_SQ20	-8.841528269	-1.014669342	-0.934790812
KP0239_AC_SQ20	-8.840881558	-1.094016526	-0.887816404
KP0240_AC_SQ20	-8.933066827	-0.908744153	-0.980793883
KP0241_AC_SQ20	-10.43047897	-0.29721512	-1.273454155
KP0242_AC_SQ20	-11.14498429	-0.195604119	-1.297084575
KP0243_AC_SQ20	-10.80458715	-1.552516486	-1.319105038
KP0223_AC_SQ20	-17.80686602	-0.624553376	-0.607954697
KP0212_AC_SQ20_X	-14.6348953	-0.399481919	-0.970369482
KP0213_AC_SQ20	-14.56890793	-0.229399341	-0.88170583
KP0215_AC_SQ20	-14.6617793	-0.390541298	-0.913691995
KP0214_AC_SQ20	-14.74237723	-0.125299012	-0.887618691
KP0216_AC_SQ20	-14.75857305	-0.32769882	-0.84075347
KP0248_AC_SQ20	-1.026884395	0.342671686	-1.592701833
KP0250_AC_SQ20	-1.349104436	0.256489071	-1.457009786
KP0251_AC_SQ20	-1.419872915	0.290949098	-1.538565838
KP0252_LM_SQ20	-0.177033687	-1.69551427	-1.505614635
KP0253_LM_SQ20	6.271252383	-0.773483834	-1.628257637
KP0254_LM_SQ20	6.198893355	-0.618497939	-1.626422
KP0255_AC_SQ20	5.760661351	-0.355019336	-1.903207428
KP0256_AC_SQ20	5.664683626	-0.242288021	-1.879549729
KP0257_AC_SQ20	4.983977583	-0.657112247	-2.052263401
KP0259_AC_SQ20	5.04291303	-0.346443964	-2.114385492
KP0260_AC_SQ20	4.850311178	-0.772845557	-1.928402683
KP0261_AC_SQ20	4.805397678	-0.753314804	-1.928796235
KP0262_AC_SQ20	4.715065964	-0.763299653	-1.965987779
KP0263_AC_SQ20	4.81720677	-0.714647906	-1.980335953
KP0265_AC_SQ20	2.794227381	-0.91986559	-1.448862124
KP0266_AC_SQ20	2.686388446	-0.828656558	-1.276215014
KP0267_AC_SQ20	2.685890173	-0.757686865	-1.324772038
KP0268_AC_SQ20_X	2.625574094	-0.805468585	-1.267609531
KP0271_AC_SQ20_X	2.512262912	-0.864280712	-1.270144114
KP0270_AC_SQ20	2.519526668	-0.819154725	-1.277438965
KP0272_AC_SQ20	2.370171563	-0.151214878	-1.546484765
KP0273_AC_SQ20	2.310312668	-0.196112655	-1.471917191
KP0274_AC_SQ20	2.093726392	-0.027838281	-1.510169632
KP0275_AC_SQ20	2.026901441	-0.109374677	-1.454787047
KP0276_AC_SQ20	1.995904585	-0.218518264	-1.450288373
KP0277_AC_SQ20	1.940765434	-0.061768845	-1.505111413
KP0278_AC_SQ20	1.653031421	-1.397887438	-1.18494869
KP0280_AC_SQ20	1.833831865	-1.426744757	-1.064716151
KP0279_AC_SQ20	1.716738995	-1.259145555	-1.102518254
KP0281_AC_SQ20	1.885601941	-1.413724837	-1.116675748
KP0282_LM_SQ20	4.253498022	-1.813172435	-1.804976025
KP0285_LM_SQ20	6.175270068	-1.257585102	-1.929204421
KP0286_AC_SQ20	6.620531948	-1.570114168	-1.371986657
KP0283_AC_SQ20_X	4.914018573	-2.11628351	-1.683443196
KP0284_AC_SQ20_X	4.925498322	-2.157358691	-1.647661111
KP0264_AC_SQ20_X	2.765433049	-0.946213547	-1.524094219
KP0269_AC_SQ20	2.584054181	-0.837930021	-1.256282182
KP0249_LM_SQ20	-1.111335892	0.438265174	-1.74634233
KP0258_AC_SQ20	4.925401772	-0.656085404	-2.080156966
KP0950_AC_WP05	-11.04988394	-1.800558349	-1.332982985
KP0952_HU_WP05	-11.56326535	-1.385143396	-1.260927723
KP0954_HU_WP05	-11.62684761	-1.328967833	-1.188994787
KP0955_HU_WP05	-11.6483943	-1.352066775	-1.169475656
KP0956_HU_WP05	-11.71527854	-1.358114755	-1.134123148
KP0957_HU_WP05	-11.64481254	-1.279552077	-1.198698467
KP0958_HU_WP05	-11.79851075	-1.412195322	-1.150198141
KP0959_HU_WP05	-12.00706578	-1.538993806	-1.249686647
KP0960_HU_WP05	-12.01718883	-1.740093297	-1.228716771
KP0961_HU_WP05	-12.34346728	-1.330550947	-1.39761742
KP0962_AC_WP05	-12.34364893	-1.270234475	-1.351996486
KP0963_HU_WP05	-12.69681608	-1.725895634	-1.479903508
KP0964_HU_WP05	-11.43579418	-2.028059187	-1.261945384
KP0965_AC_WP05	-11.21830837	-2.086021316	-1.257438202
KP0966_AC_WP05	-11.24655308	-2.258986307	-1.349838795
KP0967_AC_WP05_X	-9.303670561	-1.973749513	-1.455226571
KP0968_HU_WP05	-8.768969028	-1.697023534	-1.503408506
KP0969_HU_WP05	-6.989756746	-0.223819126	-1.614766562
KP0970_HU_WP05	-8.043335841	-0.807345563	-1.570575733
KP0971_HU_WP05	-8.041642343	-0.653322529	-1.527181046
KP0972_HU_WP05	-8.285336456	-0.622178741	-1.558127848
KP0973_HU_WP05	-5.999743043	-0.657808536	-1.651269257
KP0974_AC_WP05	-3.317693929	0.112872709	-1.240038837
KP0975_AC_WP05	-3.450154849	0.448617613	-1.461499551
KP0976_AC_WP05	-3.667393707	0.449179591	-1.488634419
KP0977_AC_WP05	-3.568096778	0.37666498	-1.434769569
KP0978_AC_WP05	-0.551040064	-0.923926091	-1.51960569
KP0979_HU_WP05	5.774303686	1.685642805	-1.078281202
KP0980_HU_WP05	3.191537927	0.912561332	-1.10696959
KP0981_AC_WP05	3.183930619	0.719610327	-1.193370341
KP0982_AC_WP05	3.792974435	0.458364249	-1.212688331
KP0983_AC_WP05	6.683656233	1.056974737	-0.935530063
KP0984_HU_WP05	6.981333179	1.095622237	-0.970390069
KP0985_HU_WP05	7.010825401	1.098382439	-1.071782355
KP0986_HU_WP05	8.845232398	0.570053674	-1.034266906
KP0987_HU_WP05	9.965398025	0.359060496	-0.957071303
KP0988_AC_WP05	-3.374355116	-0.3016838	-1.263152751
KP0989_AC_WP05	-0.923081478	-0.864919164	-1.451401258
KP0739_HU_WP10	0.884877884	-1.628374425	-0.918785836
KP0740_HU_WP10	1.187100862	-0.730498416	-1.157970967
KP0741_AC_WP10	0.521539248	-1.937410302	-1.181768413
KP0742_AC_WP10	-0.056629319	-0.865312434	-1.484090359
KP0743_AC_WP10	0.337567636	-1.627061484	-1.069897039
KP0744_HU_WP10	0.02767314	-0.098175429	-1.604168545
KP0745_AC_WP10_X	0.276795054	-1.766893984	-1.425606043
KP0746_AC_WP10	-0.166005053	-0.327421912	-1.861553138
KP0747_AC_WP10	-0.136000536	-1.912897334	-1.685516654
KP0748_AC_WP10	-1.427461412	-0.673455787	-1.303010806
KP0749_AC_WP10	-0.5865265	-1.506917096	-1.199246513
KP0750_AC_WP10	-1.608149935	-0.316427404	-0.968868595
KP0751_AC_WP10	-0.685595358	-2.025572822	-1.495936951
KP0752_AC_WP10	-1.621069898	-0.357482765	-1.162402051
KP0753_AC_WP10_X	-1.837527666	-2.2896712	-1.445387535
KP0754_LM_WP10	-3.535808413	0.274283692	-1.846193979
KP0755_AC_WP10	-2.244128618	-2.171670111	-0.530347408
KP0756_AC_WP10	-3.109330564	0.04947546	-1.269009495
KP0757_AC_WP10	-2.551066552	-2.163052036	-0.358363397
KP0758_AC_WP10	-3.227382016	0.31082175	-0.747670364
KP0759_AC_WP10	-2.735939689	-1.692101205	-0.836612134
KP0760_AC_WP10	-3.443024827	0.348874657	-0.456126428
KP0761_AC_WP20	-3.700484315	-0.378756608	-0.29799375
KP0762_AC_WP10	-3.629974039	0.408241516	-0.087607468
KP0763_LM_WP10	-4.592797834	-0.840125745	-1.19403422
KP0764_HU_WP10	-3.374736516	0.699946421	-0.745386882
KP0765_AC_WP10	-3.775731593	-0.237569613	-0.083063738
KP0766_AC_WP10	-3.882404348	0.524505218	-0.312838935
KP0767_AC_WP10	-4.013560223	-0.062397843	0.049890491
KP0768_HU_WP10	-3.679497948	0.752340659	-0.615319394
KP0769_AC_WP10	-4.055713207	0.011060099	0.27640984
KP0770_AC_WP10	-3.867903468	0.404994583	0.103215713
KP0771_AC_WP10	-4.458124217	-0.077664846	-0.157317297
KP0772_AC_WP10	-4.078422412	0.778533972	-0.228596743
KP0773_AC_WP10	-4.978525036	-0.362602398	-0.260828114
KP0774_AC_WP10	-3.998067686	0.911371914	-0.516345596
KP0775_HU_WP10	-4.367781709	-0.259547291	-0.263996142
KP0777_AC_WP10	-3.127707985	-1.457016568	-0.927643685
KP0778_AC_WP10	5.933161641	-0.403178985	-2.066634583
KP0779_AC_WP10	-3.457847396	-1.653390238	-0.950020563
KP0780_AC_WP10	5.700932579	-0.542993855	-2.096958998
KP0781_AC_WP10	-3.390427593	-1.201680907	-1.179019604
KP0782_AC_WP10	5.231210507	-0.497431596	-1.79379046
KP0783_HU_WP10	-3.51782415	-0.034798802	-0.10992605
KP0784_AC_WP10	5.478592229	-0.48599212	-2.023798628
KP0785_AC_WP10	-3.81405308	0.20049789	0.178913201
KP0786_HU_WP10	5.631806038	-0.113958033	-2.200630199
KP0787_AC_WP10	6.035138328	-0.777404	-2.098312498
KP0788_AC_WP10	5.336967703	-0.389567396	-1.88117489
KP0789_HU_WP10	5.837114737	-0.677412413	-2.035699806
KP0790_AC_WP10	5.574482325	-0.323823559	-2.096675063
KP0791_AC_WP10	5.524291354	-1.22121276	-2.031326741
KP0792_AC_WP10	5.102994945	0.169651342	-1.859670541
KP0793_AC_WP10	5.459760237	-1.264741852	-2.315423158
KP0794_AC_WP10	5.069669825	-0.244621007	-1.900832376
KP0795_LM_WP10	5.075475129	-1.430622263	-2.392715952
KP0796_AC_WP10_X	4.827032795	-0.352204731	-1.889337675
KP0797_AC_WP10	5.182903123	-1.262184789	-2.281366135
KP0798_HU_WP10_X	4.901466915	-0.350369583	-1.831433075
KP0799_AC_WP10	5.126250088	-1.062980203	-1.984501109
KP0800-X_AC_WP10	4.796847712	-0.476959469	-1.739561614
KP0800_AC_WP10	4.943034285	-0.352956737	-1.757530088
KP0801_AC_WP10	4.95290653	-0.868775819	-1.88882865
KP0802_AC_WP10	4.750868913	-0.558639357	-1.88614192
KP0803_HU_WP10	4.953214915	-1.472469718	-2.290657603
KP0804_AC_WP10	4.673220525	-0.554962695	-1.87307341
KP0805_HU_WP10	4.554279949	-1.290140608	-1.933240822
KP0806_AC_WP10	4.56754138	-0.352731029	-1.936194417
KP0807_AC_WP10	4.454999969	-1.089503334	-1.719817609
KP0808_AC_WP10	4.493690083	-0.171244248	-1.924198743
KP0809_AC_WP10	4.526919032	-1.537861931	-1.803171037
KP0810_AC_WP10	4.323124704	-0.535745508	-2.027491582
KP0811_AC_WP10	4.242137784	-0.980146679	-1.920829154
KP0812_AC_WP10	4.146716787	-0.687934737	-1.909612285
KP0813_AC_WP10	4.012832128	-1.380431006	-2.002702082
KP0814_HU_WP10_X	4.26110172	-0.338488067	-1.82801054
KP0815_AC_WP10	4.232357741	-1.724227661	-2.048861545
KP0816_AC_WP10	4.172007313	-0.721801801	-2.258495829
KP0817_AC_WP10	2.453452851	-1.294477371	-1.716244509
KP0819_AC_WP10	2.390309364	-1.593694304	-2.099149633
KP0820_AC_WP10	2.418099303	-0.91614649	-1.528049313
KP0821_AC_WP10_X	12.36194194	-0.708163479	-2.339530046
KP0823_AC_WP10	10.24584587	-1.314265998	-2.767720541
KP0824_AC_WP10	11.73842812	-0.462055192	-3.159812062
KP0825_AC_WP10	9.831456271	-2.244223501	-3.02857324
KP0827_AC_WP10_X	9.824217659	-2.232021779	-2.483031143
KP0829_HU_WP10_X	9.774578168	-2.219418134	-2.559138322
KP0831_HU_WP10	9.724922961	-2.23813424	-2.689218246
KP0833_AC_WP10	9.733467384	-2.18352053	-2.77070232
KP0835_AC_WP10	9.674337819	-2.046811902	-2.968911328
KP0837_AC_WP10	9.225846072	-2.153187503	-2.417783021
KP0839_HU_WP10_X	9.574784961	-2.09184297	-2.093612847
KP0841_AC_WP10_X	9.449883299	-2.211617758	-2.013436491
KP0845_AC_WP10	9.318145642	-2.192882327	-2.008850788
KP0847_AC_WP10_X	9.065164036	-2.347230881	-2.273443264
KP0849_AC_WP10	8.946104496	-2.093153455	-2.898172148
KP0851_AC_WP10	8.625396805	-1.695561404	-2.898916474
KP0853_AC_WP10	8.534252019	-1.662284744	-2.816370268
KP0855_AC_WP10	8.273195937	-1.414006906	-2.594083635
KP0857_AC_WP10	7.96773733	-1.140772755	-2.441951738
KP0859_HU_WP10	7.712005985	-1.415401819	-2.132068141
KP0861_AC_WP10	7.659492625	-1.424008333	-2.300990619
KP0863_AC_WP10	7.451776597	-1.073118729	-2.41421051
KP0879_AC_WP10	15.33871818	-1.400058747	-3.756243916
KP0881_AC_WP10	14.77654791	-1.356989112	-3.633762269
KP0883_AC_WP10	14.62896983	-1.13105717	-3.398200153
KP0885_AC_WP10	14.42680585	-0.883738743	-3.103319255
KP0887_AC_WP10	14.19973713	-1.056981014	-3.511644228
KP0889_LM_WP10	12.98561222	-1.289831216	-3.278806976
KP0891_AC_WP10	13.14080875	-1.307285626	-3.366505675
KP0893_LM_WP10	12.64521812	-1.389621002	-2.863778443
KP0895_AC_WP10	12.74981914	-1.470369763	-2.922200406
KP0897_AC_WP10_X	12.90727053	-0.997601034	-2.663207882
KP0899_HU_WP10	12.74084694	-0.717341788	-2.086009319
KP0901_HU_WP10_X	13.08173905	-0.625912483	-2.123136998
KP0903_HU_WP10	12.97490627	-0.456510618	-2.143293754
KP0905_LM_WP10_X	13.48957994	-1.083007328	-2.95478337
KP0287_LM_WP20	-12.46037826	0.428617303	-1.647223958
KP0288_LM_WP20	-12.57384079	0.349343201	-1.810148576
KP0289_AC_WP20	-12.74316872	0.374238632	-1.701391497
KP0290_LM_WP20	-12.93527969	0.611204446	-1.78039056
KP0291_AC_WP20	-13.10069629	0.339160094	-1.733752701
KP0292_AC_WP20	-13.12454308	0.173770468	-1.414034808
KP0293_LM_WP20	-13.73928046	-0.675200782	-2.013911029
KP0294_AC_WP20	-14.50319723	-0.481231283	-1.866077615
KP0295_AC_WP20	-14.55056679	-0.677647641	-1.614777429
KP0296_AC_WP20	-14.89873348	-0.663468969	-1.494354727
KP0297_AC_WP20	-14.92893852	-0.552363097	-1.514821512
KP0298_AC_WP20	-14.92431634	-0.389697199	-1.74751119
KP0299_AC_WP20	-15.02469284	-0.642210883	-1.542159775
KP0300_AC_WP20	-15.07603592	-0.596930069	-1.605502705
KP0301_AC_WP20	-15.05659205	-0.321733142	-1.687232048
KP0302_AC_WP20	-15.22167287	-0.452450348	-1.855482933
KP0303_AC_WP20	-15.24432962	-0.320654218	-1.692319826
KP0304_AC_WP20	-15.296249	-0.389071689	-1.663624306
KP0305_AC_WP20	-17.34154465	0.896111664	-0.422097635
KP0306_LM_WP20	-17.66086256	-0.665079404	-1.660753952
KP0307_LM_WP20_X	-16.90809181	-1.301596439	-1.735224242
KP0308_LM_WP20_X	-16.6493519	-1.195030508	-1.782691487
KP0309_AC_WP20	-16.03087872	-1.127734772	-1.558613571
KP0310_AC_WP20	-15.84679119	-1.200974263	-1.336253706
KP0311_AC_WP20	-15.63502536	-1.211589072	-1.390109893
KP0312_AC_WP20	-15.73889973	-1.301185579	-1.397354059
KP0313_AC_WP20	-15.73703076	-1.421109126	-1.39915024
KP0314_AC_WP20_X	-14.9946962	-0.76154597	-1.751600986
KP0315_AC_WP20	-14.33558659	-0.925696238	-1.847563202
KP0316_AC_WP20	-14.31649992	-0.860506909	-1.902222189
KP0317_AC_WP20	-14.37941406	-0.808666566	-1.958872795
KP0318_LM_WP20	-13.96496241	-0.596139042	-2.111237775
KP0319_LM_WP20	-13.18381595	-0.918029885	-2.1485542
KP0320_LM_WP20	-13.04909865	-0.911157651	-2.157014898
KP0321_LM_WP20	-12.85909691	-0.906475043	-1.786207755
KP0322_LM_WP20	-12.34016071	-0.085484923	-1.918080148
KP0323_AC_WP20	-8.066767565	1.077007525	-0.373331242
KP0324_AC_WP20	-8.029065808	1.144742783	-0.335654018
KP0325_AC_WP20	-8.225473923	1.51652942	-0.383008803
KP0326_AC_WP20	-8.306833892	1.772515032	-0.2751371
KP0327_AC_WP20	-8.196550626	1.277483458	-0.48596657
KP0328_LM_WP20	-8.468936297	1.844984035	-0.64373883
KP0329_AC_WP20	-8.631451603	1.878263787	-0.680795377
KP0330_LM_WP20	-8.816268364	1.507963472	-0.84502161
KP0331_AC_WP20	-8.788522734	1.090839293	-1.106038251
KP0332_AC_WP20	-8.923020557	1.087832752	-1.012559351
KP0333_AC_WP20	-8.978158118	1.047137965	-0.961624099
KP0334_AC_WP20	-8.961349142	0.967357853	-1.048441516
KP0335_AC_WP20	-9.174526549	1.379993009	-0.629783557
KP0336_AC_WP20	-9.20188231	1.447194954	-0.632358119
KP0337_AC_WP20	-9.307668068	1.422297075	-0.657018718
KP0338_AC_WP20	-9.416365495	1.198532337	-0.69465582
KP0339_AC_WP20	-9.404277837	1.168656289	-0.985037176
KP0340_AC_WP20	-9.398763854	1.040089457	-1.01227387
KP0341_LM_WP20	-9.309872882	1.153620071	-1.502075066
KP0342_LM_WP20	-9.335435135	1.028849668	-1.541757815
KP0343_LM_WP20	-9.431924994	0.978420321	-1.41660792
KP0344_LM_WP20	-9.471495292	0.59355926	-1.558660716
KP0345_LM_WP20	-9.837892509	1.041459467	-1.443657996
KP0346_AC_WP20	-9.813611908	0.790730081	-1.418462361
KP0347_AC_WP20	-9.803421711	0.342807113	-1.711304372
KP0348_LM_WP20	-9.993955111	0.500953096	-1.728907228
KP0349_LM_WP20	-10.22178193	0.549467917	-1.661026673
KP0350_LM_WP20	-10.57914738	-0.030813782	-1.881333201
KP0351_AC_WP20	-10.81868431	0.340320325	-1.279436416
KP0352_AC_WP20	-10.82114734	0.090063386	-1.310669739
KP0353_AC_WP20	-10.98082576	0.307267096	-1.238623792
KP0354_AC_WP20	-10.91500198	0.398044793	-1.362392125
KP0355_AC_WP20	-10.88643685	1.253788667	-1.113435397
KP0356_AC_WP20	-11.32356597	0.664926587	-0.802585104
KP0357_AC_WP20	-11.54177538	1.023138812	-0.84434547
KP0358_AC_WP20	-11.51530643	0.439685677	-0.851466308
KP0359_AC_WP20	-11.65984416	0.838208579	-0.754100111
KP0360_AC_WP20	-11.71365275	0.973786589	-0.803673427
KP0361_AC_WP20	-11.7728694	0.983106718	-0.822365147
KP0362_AC_WP20	-11.87503672	0.890418668	-0.812786582
KP0363_AC_WP20	-11.9119476	0.986787837	-0.944694338
KP0364_AC_WP20	-12.10610347	0.49358003	-0.509463551
KP0365_AC_WP20	-11.87788499	0.586527051	-0.646355922
KP0366_AC_WP20	-12.0644125	0.570044363	-0.707006055
KP0367_AC_WP20	-11.96714191	0.346115523	-0.517841566
KP0368_AC_WP20	-11.62885689	0.279832434	-0.767845516
KP0369_AC_WP20	-11.88354007	0.214591049	-0.838168254
KP0370_AC_WP20	-12.30881778	0.402935397	-1.107525427
KP0371_AC_WP20	-12.26303792	0.781387156	-0.935494256
KP0372_AC_WP20	-12.19091827	0.956816951	-0.829026615
KP0373_AC_WP20	-12.02569701	0.319375802	-0.845900387
KP0374_AC_WP20	-10.35766505	-0.686067451	-1.732512201
KP0375_LM_WP20	-9.546251569	-0.29542566	-1.752304349
KP0376_LM_WP20	-9.289220759	-0.254735178	-1.816194075
KP0377_LM_WP20	-9.403092339	-0.595174252	-1.506280392
KP0378_AC_WP20	-9.021017269	-0.384490206	-1.504748727
KP0379_AC_WP20	-8.998730642	-0.546979103	-1.690927386
KP0380_LM_WP20	-8.761036293	-0.477266372	-1.827721073
KP0381_AC_WP20	-8.688326777	-0.355735288	-1.627819622
KP0382_AC_WP20	-8.559129905	-0.392845997	-1.454695121
KP0383_AC_WP20	-8.517198388	-0.444916215	-1.792256537
KP0384_AC_WP20	-8.095645165	0.959500532	-0.983729998
KP0385_AC_WP20	-2.773285357	1.329207429	-0.687697398
KP0386_AC_WP20	-2.766141518	1.356204704	-0.643819048
KP0387_AC_WP20	-2.784218443	1.406332466	-0.61099731
KP0388_AC_WP20	-2.932967133	1.413266089	-0.662610702
KP0389_AC_WP20	-3.118353287	1.506467476	-0.52996861
KP0390_AC_WP20	-3.153738289	1.471402102	-0.578227583
KP0391_LM_WP20	-3.275734975	0.800493048	-1.634789046
KP0392_AC_WP20	-3.128457059	0.551897762	-1.659088419
KP0393_AC_WP20	-3.197356206	0.587195302	-1.6417633
KP0394_AC_WP20	-3.118922791	0.628638827	-1.569165401
KP0395_AC_WP20	-3.212210496	0.639641533	-1.56528065
KP0396_AC_WP20	-3.237887547	0.695397896	-1.599896469
KP0397_AC_WP20	-3.264394285	0.65023595	-1.600560808
KP0398_AC_WP20_X	-3.610974764	0.67919336	-1.823334285
KP0399_LM_WP20	-3.841014916	1.301114883	-1.972516612
KP0400_LM_WP20	-4.184151571	1.420745445	-1.781242961
KP0401_AC_WP20	-4.445795004	1.859253924	-1.514293281
KP0402_AC_WP20	-4.471157917	1.852449345	-1.588489828
KP0403_LM_WP20	-4.474532169	1.877919134	-1.670791523
KP0404_AC_WP20	-4.697933349	1.548795735	-1.840169355
KP0405_AC_WP20	-4.871167122	1.196174561	-1.697333696
KP0450_AC_WP20	-4.962344492	0.943658082	-1.566083714
KP0451_LM_WP20	-5.067788241	1.892359099	-1.608695631
KP0452_AC_WP20_X	-5.203505397	1.978783646	-1.540930765
KP0453_LM_WP20_X	-5.487080763	1.965737735	-1.716391746
KP0454_AC_WP20	-5.907437308	1.73801474	-1.47528257
KP0455_AC_WP20	-6.396291833	1.375774023	-1.104322322
KP0456_AC_WP20	-6.593562409	1.319802231	-1.479177819
KP0457_AC_WP20	-6.616855785	1.302921655	-1.7420481
KP0458_LM_WP20	-6.898265902	1.55635136	-1.705439878
KP0459_LM_WP20	-7.211822581	1.500071556	-1.7137321
KP0460_LM_WP20	-7.173517635	1.645234524	-1.577133318
KP0461_AC_WP20	-7.593801776	1.364636702	-0.979816962
KP0462_AC_WP20	-7.637268579	1.281718423	-0.959540627
KP0463_AC_WP20	-7.7092119	1.461092731	-0.718781849
KP0464_AC_WP20	-7.868584069	1.448044122	-0.726947164
KP0465_AC_WP20	-7.956607519	1.273408998	-0.68169589
KP0466_AC_WP20	-7.882260821	1.284443969	-0.786455494
KP0467_AC_WP20	-6.652096722	0.872488973	-0.951188852
KP0468_AC_WP20	-6.854139939	0.911061612	-1.11029018
KP0469_AC_WP20_X	-6.577493419	0.749853481	-1.145888247
KP0470_AC_WP20	-6.478902279	0.137718686	-1.467301799
KP0471_AC_WP20	-6.251619255	0.000151243	-1.727028497
KP0472_LM_WP20	-4.819328453	0.530635921	-1.814208925
KP0473_LM_WP20	-4.74063289	0.440115375	-1.583691174
KP0474_AC_WP20	-4.770190355	0.461484273	-1.520361404
KP0475_AC_WP20	-3.470244681	-0.152082543	-1.771256339
KP0476_AC_WP20	-3.406587105	-0.27456432	-1.661474911
KP0477_AC_WP20	-3.295186871	-0.201930332	-1.728280711
KP0478_AC_WP20	-3.243558641	-0.275226568	-1.70206694
KP0479_AC_WP20	-2.945673821	-0.540649679	-1.838349988
KP0480_AC_WP20	-2.647694508	-0.46857611	-2.050686081
KP0481_AC_WP20	-2.632641211	-0.352248848	-2.102477786
KP0482_LM_WP20	-2.485014556	0.100678623	-2.08317438
KP0483_AC_WP20	-2.191495325	0.16689989	-1.313351855
KP0484_AC_WP20	-2.076966798	0.156375739	-1.646066665
KP0485_AC_WP20	2.012823645	0.83695091	-0.991718341
KP0486_AC_WP20	1.841460433	0.731958471	-1.039353764
KP0487_AC_WP20	1.782961522	1.093330666	-1.114964902
KP0488_AC_WP20	1.55357183	1.157713452	-1.157861108
KP0489_AC_WP20	1.341582946	0.930197151	-1.259271962
KP0490_AC_WP20	1.029108	0.915445062	-1.346446066
KP0491_AC_WP20	1.045938883	1.071815216	-1.392276942
KP0492_AC_WP20	0.871001542	1.201867245	-1.340079705
KP0493_AC_WP20	1.003542617	1.262661104	-1.332833719
KP0494_AC_WP20	1.234709132	1.371894794	-1.529873025
KP0495_AC_WP20	1.309095625	1.228478506	-1.459500155
KP0499_AC_WP20	0.777111583	1.270488815	-1.276054591
KP0500_AC_WP20	0.795386603	1.257013465	-1.301944205
KP0501_AC_WP20	0.604570541	1.338494906	-1.247691858
KP0502_AC_WP20	0.541310022	1.423142646	-1.270196951
KP0503_AC_WP20	0.509107032	1.2463128	-1.266389532
KP0504_AC_WP20	0.504258227	1.491943469	-1.182247026
KP0505_AC_WP20	0.568591738	1.571334953	-1.313195871
KP0506_AC_WP20	0.350427282	1.449666525	-1.207070221
KP0507_AC_WP20	0.40279712	1.294771341	-1.226002258
KP0508_AC_WP20	0.414975527	1.082352653	-1.457044433
KP0509_AC_WP20	-0.151042264	0.636144821	-1.045094899
KP0510_AC_WP20	-0.08358369	0.629792096	-1.101316386
KP0511_AC_WP20	-0.189463531	0.628119079	-1.047161998
KP0512_AC_WP20	-0.210603116	0.733652085	-1.065959038
KP0513_AC_WP20	-0.253902231	0.814504462	-1.20996442
KP0514_AC_WP20	-0.141740692	0.892635644	-1.329866577
KP0515_AC_WP20	-0.185636378	0.85505479	-1.551498579
KP0516_AC_WP20	-0.234151826	0.93995008	-1.259419468
KP0517_AC_WP20	-0.3262089	0.893279331	-1.323000721
KP0518_LM_WP20	-0.453399605	1.088177523	-1.309650894
KP0519_AC_WP20	-0.075362965	1.409861189	-1.112227773
KP0520_AC_WP20	-0.263287757	1.419517363	-1.052440624
KP0521_AC_WP20	-0.045475864	1.539941835	-1.135453339
KP0522_AC_WP20	-0.466529529	1.652851293	-1.063647951
KP0523_AC_WP20	-0.605039915	1.61755455	-1.19470776
KP0524_AC_WP20	-0.651022629	1.522157336	-1.105259019
KP0525_AC_WP20	-0.76420599	1.61064262	-1.123338914
KP0526_AC_WP20	-0.820215402	1.321630968	-0.988598864
KP0527_LM_WP20	-0.744495412	0.867990537	-1.321482455
KP0528_AC_WP20	-0.646289926	0.854645049	-1.13578428
KP0529_LM_WP20	-0.98566538	0.590282087	-1.717844995
KP0530_AC_WP20	-0.706498814	0.868927202	-1.110586185
KP0531_AC_WP20	-0.859752107	1.209925272	-0.96300044
KP0532_AC_WP20	-0.989712003	1.289266134	-0.964612984
KP0533_AC_WP20	-1.439645856	1.054200048	-0.915093227
KP0534_AC_WP20	-1.585601405	0.967367864	-0.853531678
KP0535_AC_WP20	-1.589105629	1.155963762	-0.98519455
KP0536_AC_WP20	-1.075277693	1.484915813	-1.179008562
KP0537_AC_WP20	-1.222023376	1.41923349	-1.177941956
KP0538_AC_WP20	-1.493906485	1.413023781	-0.951135987
KP0539_AC_WP20	-2.350833972	0.376632589	-0.706273505
KP0540_AC_WP20	-2.148177889	0.248519502	-0.85048016
KP0541_AC_WP20	-2.122225166	0.27121655	-0.770473726
KP0542_LM_WP20	-1.882058756	0.43013628	-1.430220617
KP0543_AC_WP20_X	-1.684913118	-0.033380518	-1.326167444
KP0544_AC_WP20	-1.689878708	0.088416015	-1.388914095
KP0545_AC_WP20	-1.543128426	0.012660232	-1.308685531
KP0546_AC_WP20_X	-1.475399593	-0.139493267	-1.090969072
KP0547_LM_WP20	-1.43412533	0.149199922	-1.342970813
KP0548_LM_WP20	-1.567519829	0.545636197	-1.592487314
KP0549_AC_WP20	-1.37615898	0.005236322	-1.327407674
KP0550_LM_WP20	-1.100545546	0.091246349	-1.661598506
KP0551_LM_WP20	-1.032078167	-0.231799565	-1.708078422
KP0552_AC_WP20	-0.679830041	0.012132162	-1.272608569
KP0553_AC_WP20	-0.23822039	0.405835531	-1.329471444
KP0554_AC_WP20	-0.014988238	-0.499452953	-1.555494964
KP0555_AC_WP20	0.902067799	-0.900176253	-1.421151193
KP0556_AC_WP20	0.764710799	-1.137125853	-1.138314801
KP0557_AC_WP20	1.084262778	-0.667822321	-1.838706391
KP0558_LM_WP20	1.377244908	0.225490502	-1.905296338
KP0559_AC_WP20	1.324417462	-0.7851595	-1.840452725
KP0560_AC_WP20	1.456980761	-0.894255254	-1.82577106
KP0561_AC_WP20	7.381240043	2.750631631	-0.646807051
KP0562_LM_WP20	7.135482211	2.3204666	-0.803866428
KP0563_AC_WP20	7.279776067	2.593248714	-0.616744788
KP0564_LM_WP20	7.287945673	2.604608133	-0.687899016
KP0565_AC_WP20	6.836091889	1.996544458	-1.079288057
KP0566_LM_WP20	6.279039071	2.961469902	-0.831550819
KP0567_LM_WP20	6.299207781	2.65139151	-0.805632686
KP0568_AC_WP20	5.663770059	2.047816544	-0.983496338
KP0569_AC_WP20	5.599068901	2.094776581	-1.085552165
KP0570_LM_WP20	5.533057111	2.223975871	-1.284899079
KP0571_AC_WP20	4.935973256	2.4399847	-0.820691927
KP0572_AC_WP20	4.69604678	1.775727124	-1.445200592
KP0573_LM_WP20	4.722203425	1.691755155	-1.531552197
KP0574_AC_WP20	4.833527108	1.250595086	-1.593401761
KP0575_AC_WP20	2.650048466	1.164000814	-1.535749833
KP0576_AC_WP20	2.407718143	1.11543992	-1.575926607
KP0577_AC_WP20	2.429241471	1.275933017	-1.478893442
KP0578_AC_WP20	2.329668114	1.304689033	-1.536737997
KP0579_AC_WP20	2.2618488	1.33806158	-1.643284568
KP0580_AC_WP20	2.109996154	1.312553677	-1.537601179
KP0581_AC_WP20	2.036554962	1.169274655	-1.730670508
KP0582_AC_WP20	3.468676577	0.417547742	-1.21426351
KP0583_LM_WP20	3.816839473	0.335803332	-1.593204995
KP0584_AC_WP20	4.30395941	0.218652734	-1.755134997
KP0585_LM_WP20	4.707564559	0.985151939	-1.563834411
KP0586_LM_WP20	5.284587791	0.635520193	-1.899546979
KP0588_LM_WP20	5.689817607	1.240423532	-0.967308029
KP0589_AC_WP20	6.257466333	1.865002173	-0.449670598
KP0590_AC_WP20	7.026667376	2.270369924	-0.394364635
KP0591_AC_WP20	7.112082809	2.263233334	-0.526087139
KP0407_AC_CA05	-19.67823724	3.208191371	0.039037641
KP0408_AC_CA05	-18.06708186	0.262356419	-0.588438256
KP0409_AC_CA05	-10.80627471	1.440078461	-0.531707529
KP0410_HU_CA05	-12.65657684	1.23087529	-0.626721953
KP0411_HU_CA05	-12.67351987	1.152496546	-0.622916094
KP0412_HU_CA05_X	-13.64980014	0.715588366	-0.496365453
KP0413_HU_CA05	-14.62986813	0.96676243	-0.570505806
KP0414_HU_CA05	-14.57767198	0.859463555	-0.604916479
Point#24_X	-15.38461345	1.654687286	-0.414666777
Point#25_X	-15.36769476	1.630974614	-0.399572951
Point#26_X	-15.39006422	1.643447679	-0.416253514
Point#27_X	-15.29028079	1.576753803	-0.338465928
Point#28_X	-15.29175986	1.573763528	-0.341543988
Point#29_X	-15.29175986	1.573763528	-0.341543988
KP0415_HU_CA05	-13.92862063	0.609127152	-0.432891678
KP0417_HU_CA05	-13.07916162	0.16444784	-0.521422843
KP0418_HU_CA05	-13.01218711	0.107742325	-0.57621742
KP0419_HU_CA05	-12.848405	-0.116079203	-0.808847007
KP0421_HU_CA05_X	-11.18433655	0.539850114	-0.811665534
KP0422_HU_CA05_X	-7.650208906	0.562671873	-0.996027758
KP0423_HU_CA05_X	-8.346954346	0.99449006	-0.986354774
KP0424_AC_CA05	-9.142920278	1.287647203	-0.70175845
KP0425_HU_CA05_X	-9.621173995	0.795148548	-0.909967074
KP0426_HU_CA05	-10.67155068	-0.258512568	-0.778502548
KP0428_HU_CA05_X	-8.159204441	0.106720847	-1.146830622
KP0427_HU_CA05_X	-8.148267263	0.133396974	-1.208747903
KP0430_HU_CA05_X	-4.431107795	0.905141913	-1.113280428
KP0431_AC_CA05_X	-4.557616707	0.999481031	-1.100268697
KP0432_HU_CA05	-4.589348632	0.775690256	-0.980404813
KP0433_AC_CA05	-4.76759479	1.313852028	-0.825286762
KP0434_HU_CA05	-5.447495044	0.563054902	-0.89146735
KP0435_HU_CA05	-5.671610039	0.124425825	-0.838542164
KP0436_HU_CA05	4.195391981	1.12196284	-0.941652998
KP0437_HU_CA05_X	4.245158879	0.490870005	-1.37380977
KP0438_HU_CA05_X	0.677006459	0.840113078	-1.239043951
KP0439_HU_CA05	0.73288651	0.544329734	-1.268742045
KP0440_HU_CA05	-1.296149946	-0.367577773	-1.175910375
KP0441_AC_CA05	-1.230269272	-0.356725596	-1.217156021
KP0442_HU_CA05	2.407838343	0.095219368	-1.198759751
KP0990_AC_CA10	-14.59377713	1.214629672	-2.035702578
KP0992_AC_CA10	-14.71758878	1.364260172	-2.116980484
KP0994_AC_CA10	-14.90070108	1.32456998	-2.00951773
KP0996_AC_CA10	-14.73398074	1.465350305	-2.046075737
KP0998_AC_CA10	-14.94327494	1.570487088	-2.027897222
KP1000_AC_CA10	-14.97628537	1.651718142	-2.146952984
KP1002_AC_CA10	-9.555775884	0.684631041	-1.641063574
KP1004_AC_CA10	-5.827783687	0.746152558	-1.478595255
KP1006_AC_CA10	-5.965171459	0.8736208	-1.432963795
KP1008_AC_CA10	-5.789450315	0.958808715	-1.544978983
KP1010_AC_CA10	-6.126221128	0.905554396	-1.385396321
KP1012_AC_CA10	-6.125841015	1.03090318	-1.495732877
KP1014_AC_CA10	-6.198073801	0.927532546	-1.522328633
KP1016_AC_CA10	-6.278930217	0.976557418	-1.578559876
KP1018_AC_CA10	-6.353232359	0.979393574	-1.677493367
KP1020_AC_CA10	-6.295657546	1.005511384	-1.811169027
KP1022_AC_CA10	-6.601088114	1.209620473	-1.874172576
KP1024_AC_CA10	-7.494971098	0.727060829	-1.789933444
KP1026_AC_CA10	2.517058296	0.159556492	-1.103437324
KP1028_AC_CA10	2.461732937	0.295121517	-1.250724388
KP1030_AC_CA10	2.099030053	0.063443996	-1.267147769
KP1032_AC_CA10	-0.576632741	0.493403794	-1.393456588
KP1034_AC_CA10	-1.393350629	0.442068917	-0.923310843
KP1036_AC_CA10	-1.411613103	0.551219509	-0.959165167
KP1038_LM_CA10	-0.658777199	0.045757824	-1.478357165
KP1040_AC_CA10	7.090485889	-0.487386144	-1.007055876
KP1042_AC_CA10	5.397179988	-0.40426434	-0.838123422
KP1044_AC_CA10	5.316330076	-0.083659995	-0.792440776
KP1046_AC_CA10	4.485084782	0.353436542	-0.980080518
KP1048_AC_CA10	3.958734891	-0.112645692	-1.14902472
KP1050_AC_CA10	3.546323872	0.002420799	-1.238260352
KP1052_AC_CA10	2.986747517	0.143029531	-1.161973844
KP1054_AC_CA10	3.483315237	0.415868863	-1.162290853
KP0991_AC_CA10	-13.54226226	0.624028524	-2.265557964
KP0993_AC_CA10	-15.28012909	0.426423542	-2.449810641
KP0995_AC_CA10_X	-15.46210265	0.51184775	-2.376274446
KP0997_AC_CA10	-8.430659044	-0.239822818	-1.844134861
KP0999_AC_CA10	-9.229921533	-0.677027356	-1.92617867
KP1001_AC_CA10	-9.4568186	-0.308861299	-1.942252928
KP1003_AC_CA10	-9.398209597	-0.176233978	-1.614168877
KP1005_AC_CA10	-9.475375672	-0.194371072	-1.623454839
KP1007_AC_CA10	-10.34615293	-0.552583721	-1.826138854
KP1009_AC_CA10_X	-10.50038741	-0.572311953	-1.669342161
KP1011_AC_CA10	-11.88809869	0.008854631	-1.917649895
KP1013_AC_CA10	-12.0791087	0.224646141	-1.992328119
KP1015_AC_CA10	-12.19920701	0.387473258	-2.006819476
KP1017_AC_CA10	-12.4114484	0.730999448	-1.975028734
KP1019_AC_CA10	-5.011091168	-1.106657132	-1.79638731
KP1021_AC_CA10	-8.024330151	0.229214662	-1.668228206
KP1023_AC_CA10	1.710539352	-0.870021075	-1.376633361
KP1025_AC_CA10	0.012004696	-1.604367518	-1.508147752
KP1027_AC_CA10	-0.163255765	-1.565115819	-1.321992129
KP1029_AC_CA10	-0.335653015	-0.56056998	-1.477886868
KP1031_AC_CA10	-0.493385078	-0.634705152	-1.298634372
KP1033_AC_CA10	-1.778550662	-0.594664962	-1.385676567
KP1035_AC_CA10	-2.447516461	-0.476922344	-1.288204279
KP1037_AC_CA10	-2.94110329	-0.241585364	-1.054830883
KP1039_AC_CA10_X	-3.024767843	-0.260745324	-0.910687997
KP1041_AC_CA10	-3.058327446	-0.264001972	-0.816467193
KP1043_LM_CA10	6.737636019	-1.18995772	-1.193570785
KP1045_AC_CA10	5.305342309	-0.701558669	-1.135923628
KP1047_AC_CA10_X	5.190202972	-0.4412887	-0.967767613
KP1049_AC_CA10	5.113790265	-0.550775542	-0.84743019
KP1051_AC_CA10_X	5.001672926	-0.663822843	-1.180185071
KP1053_AC_CA10	3.909991519	-1.374941129	-1.098295119
KP1055_AC_CA10	3.681608691	-1.171435166	-1.141481715
KP1057_AC_CA10	3.73272175	-0.694598217	-1.225380249
KP1056_AC_CA20	-5.225797842	-0.370501691	-0.988667916
KP1058_LM_CA20	-5.549429076	-1.059765892	-1.020485968
KP1060_AC_CA20	-5.697713039	-1.100543751	-0.69151473
KP1061_LM_CA20	-4.716235372	-1.558687165	-0.936460653
KP1065_LM_CA20	-4.890370095	-1.519474115	-0.804233364
KP1067_AC_CA20	-4.90263246	-1.889901338	-0.899287596
KP1063_AC_CA20	-4.728162104	-1.783582384	-0.813504551
KP1059_LM_CA20	-4.472472606	-1.709145139	-0.918540841
KP1066_AC_CA20	-6.68206054	-0.909279095	-0.969803769
KP1062_AC_CA20	-5.386726072	-0.479686222	-1.187428707
KP1068_AC_CA20	-6.927072364	-0.948620893	-0.960259234
KP1070_AC_CA20	-7.063982148	-0.735089619	-0.833035214
KP1088_AC_CA20	-3.226215843	-0.360007866	-0.338530132
KP1090_AC_CA20	-3.149213393	-0.564803936	-0.372255984
KP1092_LM_CA20	-3.032344519	-0.859624366	-0.394176468
KP1094_LM_CA20	-3.131784763	-1.347286726	-0.769878314
KP1098_AC_CA20	4.163117127	-1.475629431	-1.499367629
KP1100_AC_CA20	2.675606124	-1.402932727	-1.700067445
KP1102_AC_CA20	1.667412915	-0.913670983	-1.563307915
KP1104_AC_CA20	1.345042295	-0.934321454	-1.245467083
KP1106_AC_CA20	1.33452465	-0.477649889	-1.145011588
KP1108_AC_CA20	1.008855565	-0.343829039	-1.258171438
KP1110_LM_CA20	8.57294738	-0.466538868	-2.75483573
KP1112_AC_CA20	8.421654356	-0.510740149	-2.723330392
KP1114_LM_CA20	8.25709543	-0.353494161	-3.100923534
KP1116_AC_CA20	7.628457625	-0.294778347	-2.596450527
KP1118_LM_CA20	6.90141194	-0.731883325	-2.020485618
KP1120_AC_CA20	6.077917276	-0.798266662	-2.021986606
KP1120a_AC_CA20	14.79621142	0.943085406	-4.455586365
KP1122_LM_CA20	14.03610304	0.434891707	-4.63794952
KP1124_AC_CA20	14.11960379	0.229007007	-4.348462447
KP1096_AC_CA20	-4.12008868	-1.116279454	-0.711669773
KP1069_AC_CA20	-5.771444021	-1.336992578	-0.729715699
KP1071_AC_CA20	-5.671155556	-1.237509015	-0.747406604
KP1073_LM_CA20_X	-5.79775217	-2.395756131	-0.688905067
KP1075_LM_CA20	-6.158833032	-2.122961936	-0.832438555
KP1077_AC_CA20	-6.437435492	-1.121497521	-0.573934594
KP1083_LM_CA20	-7.31422466	-1.503121515	-0.822301157
KP1085_LM_CA20	-7.709167606	-1.568091354	-0.824037807
KP1087_LM_CA20	-8.353206812	-2.167039113	-0.203243666
KP1089_AC_CA20_X	-7.943423806	-2.478504122	0.584300264
KP1101_LM_CA20	-0.456272255	-0.445614563	-1.728004176
KP1103_LM_CA20	-1.179260419	-0.370095449	-1.115181445
KP1105_AC_CA20	-1.891595918	0.099380536	-1.510332772
KP1107_AC_CA20	-2.121825271	-0.03214305	-1.50568059
KP1109_AC_CA20	-3.081085655	-0.275645544	-0.439976647
KP1113_AC_CA20	-4.150884815	-0.590986766	-0.893973565
KP1115_AC_CA20	-4.225527381	-0.586478489	-1.199330284
KP1117_LM_CA20	2.738011476	-0.237461247	-2.315024993
KP1119_LM_CA20_X	3.189535993	-0.782882072	-2.381429131
KP1121_AC_CA20	2.813258806	-0.712397446	-1.991920998
KP1123_LM_CA20	2.289900334	-0.064856692	-1.919725757
KP1125_AC_CA20	1.408215643	-0.476123775	-1.56192757
KP1127_AC_CA20	1.173594583	-0.186494771	-1.323897233
KP1129_AC_CA20	0.73058173	-0.437404763	-1.438120357
KP1131_AC_CA20	8.280030357	0.519062269	-3.096890523
KP1133_LM_CA20	7.941779979	0.048548312	-3.130577762
KP1135_AC_CA20	7.56562843	0.296936224	-2.563706534
KP1137_AC_CA20	7.403464316	0.993174774	-2.710478104
KP1139_AC_CA20	6.48287559	-0.496103033	-2.816590084
KP1141_AC_CA20	5.64442233	0.183101816	-2.837286011
KP1126_LM_CA20_X	14.57601026	0.614558802	-5.033793015
KP1130_AC_CA20	13.60592721	-0.020266023	-4.206539988
KP1134_AC_CA20	13.46365631	0.031685706	-4.270903816
KP1139_LM_CA20_X	13.16479572	-0.195353591	-4.052681099
KP1141K_AC_CA20_X	12.64253584	0.280059471	-3.454074829
KP1143K_AC_CA20	12.16639912	0.373791589	-3.366946611
KP1145_AC_CA20_X	12.22718274	0.391357259	-3.774944867
KP1147_AC_CA20	11.85282394	0.120319135	-3.25718303
KP1149_AC_CA20	11.85030092	0.204898434	-3.33627754
KP1151_AC_CA20	11.57650688	0.456813007	-3.344718045
P4250159_LM_CA20	11.07419159	0.285460841	-3.379338694
KP1128_AC_CA20	14.94011568	1.376567747	-4.513107197
KP1132_AC_CA20	14.75511605	1.562116504	-4.693822818
KP1136_AC_CA20	14.50726328	1.210025254	-4.599694171
KP1138_LM_CA20	13.28841481	1.298788664	-4.738393453
KP1140_AC_CA20	13.23071564	1.595989714	-4.456327209
KP1142_AC_CA20	12.94657136	0.831500337	-4.384611314
KP1144_LM_CA20	11.25151078	0.716873983	-4.024532675
KP1146_LM_CA20	11.00838038	0.384385986	-3.590487045
KP1148_AC_CA20	10.90236958	0.478664291	-3.539575077
KP1150_AC_CA20	10.79732975	0.589095276	-3.430771869
L11_AC_CA20	10.4781302	0.677157855	-3.497621872
L12_AC_CA20	10.28447654	1.217068977	-3.797277627
L13_AC_CA20_X	10.08042695	0.862219049	-3.401439829
L14_AC_CA20	9.633706099	0.939821148	-3.401301594
L15_AC_CA20	9.816881505	0.800647486	-3.686186692
L16_LM_CA20	8.79249243	0.471392105	-3.620624365
KP1161_AC_CA20_X	11.05867797	0.451071785	-3.325443922
KP1162_AC_CA20_X	10.86645669	0.382202325	-3.397859703
KP1163_AC_CA20	10.18098472	0.36325422	-3.30294476
KP1164_LM_CA20	10.15086793	-0.03108689	-2.825840884
KP1165_AC_CA20	9.74246512	0.25544459	-3.250967875
KP1166_LM_CA20	9.293818685	-0.378343549	-3.104288656
KP1072_AC_CA20	-6.802762063	-1.07413877	-0.7423497
KP1074_AC_CA20	-6.718184475	-1.017824505	-0.814493961
KP1076_AC_CA20	-7.569268421	-0.646441716	-1.239840829
KP1078_AC_CA20	-9.637075021	-0.793856639	-0.894526052
KP1080_AC_CA20	-9.93995014	-0.867077566	-0.719127101
KP1082_AC_CA20_X	-10.09098027	-0.773633515	-0.529902367
KP1084_AC_CA20	-10.0748835	-0.759115548	-0.462259635
KP1086_AC_CA20	-10.15780162	-0.749848877	-0.442149331
KP1079_AC_CA20_X	-6.90740329	-1.911389539	-0.688959403
KP1081_AC_CA20_X	-6.939679096	-1.86480675	-0.759843312
KP1091_AC_CA20	-10.4301278	-1.326340039	0.076221449
KP1093_LM_CA20	-10.56149406	-1.316924163	-0.070870804
KP1095_HU_CA20	-10.58269856	-1.406781576	0.247053127
KP1097_AC_CA20	-10.56751247	-1.06542038	-0.19565827
KP1167_LM_CA20_X	8.910587455	-0.287601759	-3.140377683
KP1143_AC_CA20	5.076427481	0.361720419	-2.534944996
P424028_LM_CA20	5.447349759	0.081575652	-2.849263171
KP0130_AC_SB05	-2.750324767	2.626078753	-1.469777031
KP0131_HU_SB05_X	-5.924154644	3.65713427	-1.386185558
KP0132_HU_SB05	-5.33713974	2.290983763	-1.551813414
KP0133_HU_SB05	-5.376407026	2.185612707	-1.703203361
KP0134_HU_SB05	-5.323117545	2.17543217	-1.829207382
KP0135_HU_SB05	5.195206599	-2.16099621	-0.495499651
KP0136_HU_SB05_X	2.083219032	0.135055146	-0.879636951
KP0137_HU_SB05	7.149643345	-4.068098347	-0.361755344
KP0138_HU_SB05	7.074762311	-4.086677568	-0.382604373
KP0139_HU_SB05	6.467484856	-4.208780967	-0.45316327
KP0140_HU_SB05	6.531534694	-4.235048943	-0.461583163
KP0141_HU_SB05_X	6.582662925	-4.230240726	-0.462100339
KP0142_HU_SB05_X	7.838453961	-5.511241059	-0.281356823
KP0143_HU_SB05_X	15.25646247	-9.133758485	0.602786013
KP0144_LM_SB05_X	11.18450974	-8.083311802	0.130661976
KP0145_HU_SB05_X	11.30576566	-8.217494329	0.129042846
KP0146_HU_SB05_X	12.51659671	-8.597136267	0.655841716
KP0147_HU_SB05_X	12.48716943	-8.653740453	0.712823491
KP0148_HU_SB05_X	12.31965304	-8.280274223	0.712607571
KP0149_HU_SB05_X	15.1927515	-9.444166706	0.663867523
KP0046_AC_SB10_X	0.849617856	-0.011212543	-1.876741991
KP0047_AC_SB10_X	0.8183004	-0.083246073	-1.635024508
KP0048_AC_SB10_X	0.809656866	-0.076095576	-1.643550672
KP0049_HU_SB10_X	-1.136773203	-0.20208454	-1.878117948
KP0050_AC_SB10_X	2.88624596	-1.523196262	-2.149957542
KP0051_AC_SB10	7.745349339	-0.119886142	-1.690191834
KP0052_AC_SB10	7.891295055	-0.078698578	-1.829589647
KP0053_AC_SB10	7.801318891	0.143401108	-1.749230149
KP0054_AC_SB10	7.672112659	0.180129288	-1.681040387
KP0055_AC_SB10_X	7.623271256	0.272277536	-1.801426348
KP0056_AC_SB10	7.776635512	0.236341392	-1.85586589
KP0057_AC_SB10	7.820769126	0.391530216	-1.885961671
KP0058_AC_SB10	6.919787858	-0.105401016	-1.596355717
KP0059_AC_SB10	6.880268178	-0.078645459	-1.806397156
KP0060_AC_SB10_X	6.812385417	0.087225284	-1.72262134
KP0061_AC_SB10	6.66762577	0.447869083	-1.576091779
KP0062_AC_SB10	6.644208287	0.547036809	-1.668809064
KP0063_AC_SB10_X	5.832388067	-0.398569617	-1.66086205
KP0064_AC_SB10	5.7054847	-0.525931557	-1.618226343
KP0065_AC_SB10	5.424492105	-0.618744097	-1.728193711
KP0066_AC_SB10	5.289201476	-0.527752283	-1.936685186
KP0067_LM_SB10	5.220008292	-0.719860061	-1.808964221
KP0068_AC_SB10	5.448769353	-0.837515799	-1.916481231
KP0069_AC_SB10	5.701294708	-0.774647793	-1.808908419
KP0070_AC_SB10	5.437960034	-1.144219032	-2.213606242
KP0071_AC_SB10	5.551197388	-1.385499332	-2.048591801
KP0072_AC_SB10	5.680382889	-1.275871818	-1.874324192
KP0073_HU_SB10	6.021341138	-1.383909872	-1.567758521
KP0074_AC_SB10	5.98246703	-0.734657519	-1.615884193
KP0075_HU_SB10_X	6.22722141	-1.06138793	-1.398710941
KP0076_AC_SB10	6.081686169	-0.724379935	-1.708327598
KP0077_AC_SB10	6.109613932	-0.651874233	-1.622707984
KP0078_AC_SB10	6.277954149	-0.960910209	-1.496655206
KP0079_LM_SB10	6.412406212	-0.781075173	-1.428581566
KP0080_AC_SB10_X	6.477858594	-0.898153635	-1.405127641
KP0081_AC_SB10_X	6.772471544	-0.864982868	-1.235315033
KP0082_AC_SB10	6.96392913	-0.832652136	-1.339920087
KP0083_AC_SB10	6.999038058	-0.69225522	-1.419812548
KP0084_AC_SB10	6.944201618	-0.678284436	-1.577224071
KP0085_AC_SB10	6.700377284	-0.59322352	-1.577886741
KP0086_LM_SB10	6.702683594	-0.457108898	-1.621271259
KP0087_AC_SB10	7.004947001	-0.524332222	-1.61984586
KP0088_AC_SB10	6.94403607	-0.162432296	-1.521899556
KP0089_AC_SB10	7.473138972	-0.816738434	-1.407755318
KP0090_AC_SB10	7.385231857	-0.635025915	-1.488274965
KP0091_HU_SB10	7.341923031	-0.62897873	-1.61208204
KP0092_HU_SB10	7.578441369	-0.875312575	-1.440849925
KP0093_HU_SB10	7.577003619	-0.850093787	-1.514654274
KP0094_HU_SB10	7.612527695	-0.818158292	-1.53721836
KP0095_AC_SB10	7.644081544	-0.72274447	-1.536156576
KP0096_HU_SB10_X	7.762170223	-0.751524149	-1.491223195
KP0097_HL_SB10_X	7.737336619	-0.625751119	-1.373478132
KP0098_AC_SB10	7.653406246	-0.534232411	-1.387979472
KP0099_AC_SB10	10.60575966	1.602977471	-1.772639219
KP0100_AC_SB10	10.70117329	0.783565642	-1.889130049
KP0101_AC_SB10	9.746545837	1.236389534	-1.447995207
KP0102_AC_SB10	9.162999285	0.46782542	-1.647341225
KP0103_AC_SB10	9.064634151	0.333008404	-1.79512423
KP0104_AC_SB10	8.910954777	0.524519797	-1.622052511
KP0105_AC_SB10	8.939047844	0.730977124	-1.655667932
KP0106_AC_SB10_X	8.303470689	0.164321467	-1.90973785
KP0107_AC_SB10	8.454235284	-0.224773883	-2.008813428
KP0108_AC_SB10	8.586427071	-0.126335887	-2.118832785
KP0109_LM_SB10	8.528183629	-0.113492301	-2.279098158
KP0110_AC_SB10_X	8.802664669	0.078762445	-1.738918464
KP0111_AC_SB10_X	8.745546065	0.080413569	-1.778281321
KP0112_AC_SB10	8.954600157	-0.125694521	-2.05618981
KP0113_LM_SB10	10.22451269	-0.104347883	-2.527921028
KP0114_AC_SB10_X	10.54093768	0.661989347	-2.02057536
KP0115_AC_SB10_X	10.57959334	0.671257815	-2.08444615
KP0116_AC_SB10	11.47923447	0.769926073	-2.115961092
KP0117_AC_SB10	17.45553595	0.933231086	-2.233646914
KP0118_AC_SB10_X	17.22167064	1.449890738	-2.093217005
KP0119_AC_SB10	16.86452872	1.939838092	-1.692982103
KP0120_AC_SB10_X	17.24082407	1.513223891	-1.773433774
KP0121_AC_SB10	17.19024625	1.031473045	-2.099191935
KP0122_AC_SB10	15.01280266	2.121767642	-1.624357656
KP0123_AC_SB10	15.30606098	0.400485927	-1.912657995
KP0124_AC_SB10	15.39200094	0.925952925	-1.924790252
KP0125_AC_SB10	15.45586153	1.044431141	-2.055089396
KP0126_AC_SB10	17.26041306	0.466167531	-2.211500347
KP0127_AC_SB10	17.54404204	0.657776117	-2.186513138
KP0128_LM_SB10	17.40453175	0.605797774	-2.425240889
KP0129_AC_SB10	17.131081	0.099761114	-2.486019884
KP0163_AC_SQ12_X	-10.4627939	-2.720999344	-0.082413458
KP0170_AC_SQ12_X_SP	-10.7526354	-2.524068349	-0.076156558
KP0166_AC_SQ12_X	-10.91659755	-2.652280064	-0.083981629
KP0179_AC_SQ12	-10.84241567	-3.550390494	-0.169146535
KP0180_AC_SQ12	-10.80111372	-3.543059495	-0.283921492
KP0181_AC_SQ12_X	-10.81539977	-3.443649015	0.047750353
KP0182_AC_SQ12_X	-10.8306497	-3.43133203	-0.003368165
KP0183_AC_SQ12_X	-10.92209205	-3.271685504	-0.117570771
KP0184_AC_SQ12_X	-10.92802343	-3.303678627	-0.087797467
KP0185_AC_SQ12_X	-10.82970593	-3.283370934	-0.240767001
KP0186_LM_SQ12	-10.77022317	-3.417204162	-0.4129455
KP0187_AC_SQ12	-10.33026303	-2.986988139	0.052874271
KP0188_AC_SQ12	-10.28849223	-2.873482453	-0.026629881
KP0189_AC_SQ12	-4.162433196	-2.268442099	-1.061013385
KP0190_AC_SQ12	-4.140056598	-2.618459536	-1.220083397
KP0192_AC_SQ12	0.386927762	-0.600751979	-1.940700404
KP0191_AC_SQ12_X	2.618376782	-0.144020365	-1.92789327
KP0194_AC_SQ12	-1.19690438	-0.328992676	-1.319990436
KP0193_AC_SQ12_X	-1.278744779	-0.444506945	-1.433464774
KP0195_AC_SQ12	-1.259090999	-0.456758906	-1.316911128
KP0196_AC_SQ12	-1.216744484	-0.254456695	-1.107612889
KP0197_AC_SQ12_X	-1.364060995	-0.360688656	-0.998022302
KP0198_AC_SQ12	-1.458417796	-0.349429161	-0.889850448
KP0199_AC_SQ12	-1.346132664	0.007033747	-1.092558307
KP0200_AC_SQ12	-1.460688826	-0.008847465	-0.978277954
KP0201_AC_SQ12	-1.406993842	-0.126341595	-0.793398935
KP0202_AC_SQ12	-1.64439803	-0.459172298	-1.351491084
KP0203_AC_SQ12	-2.138633293	-0.354822832	-1.367470272
KP0204_AC_SQ12	-1.624683489	-0.683318355	-1.169134728
KP0205_AC_SQ12	-1.601078335	-0.823381445	-1.328061428
KP0206_AC_SQ12	1.132392924	-1.452037212	-1.77841266
KP0207_LM_SQ12	1.774385279	-1.497834426	-1.784065876
KP0208_AC_SQ12	2.117798041	-1.033271688	-1.796585352
KP0209_AC_SQ12	2.640921184	-1.434833969	-1.787489285
KP0210_AC_SQ12	3.956396829	0.893805133	-1.609731805
KP0211_AC_SQ12	6.626075584	-0.491788294	-1.739275003
KP0150_AC_SQ12	-11.04799787	-2.62342839	0.137819895
KP0151_AC_SQ12	-11.11703019	-2.620644381	0.134439865
KP0153_AC_SQ12	-12.91204618	-1.818173993	0.137020473
KP0154_AC_SQ12	-7.704135322	-2.502610397	-0.611781316
KP0152_AC_SQ12	-11.14760719	-2.537332211	0.219943439
KP0155_AC_SQ12	-7.630302537	-2.641356296	-0.662623715
KP0156_AC_SQ12	-7.640710065	-2.815874822	-0.783708982
KP0157_AC_SQ12	-7.701589564	-2.380175813	-0.64801939
KP0158_AC_SQ12	-7.921252005	-2.450400016	-0.626675018
KP0159_AC_SQ12_X	-9.809259447	-2.616966447	0.074758045
KP0160_AC_SQ12_X	-10.24500025	-2.79671407	0.090154154
KP0161_AC_SQ12	-10.24226884	-2.743122779	0.13209739
KP0162_AC_SQ12	-10.32672196	-2.76705759	0.244869738
KP0164_AC_SQ12	-10.53551031	-2.440148927	0.055239454
KP0165_AC_SQ12	-10.63983753	-2.339508641	0.016159329
KP0171_AC_SQ12_X	-11.0769728	-2.643642774	0.106735087
KP0166_AC_SQ12_X_SH	-10.62879615	-2.545847359	-0.0815216
KP0167_AC_SQ12	-10.76336218	-2.166947423	0.102088579
KP0169_AC_SQ12_X	-10.92784187	-2.197836636	-0.155974892
KP0170_AC_SQ12_X	-11.10924316	-2.672245148	0.052487837
KP0172_AC_SQ12	-11.03211713	-3.390080489	-0.024810578
KP0173_AC_SQ12	-11.00105116	-3.482467144	0.018886963
KP0174_AC_SQ12	-11.029165	-3.560676354	-0.024539482
KP0175_AC_SQ12	-11.04671753	-3.645773265	-0.111313693
KP0176_AC_SQ12	-10.95117791	-3.571665979	3.09E-05
KP0177_AC_SQ12	-10.96057591	-3.727313596	-0.051972141
KP0178_AC_SQ12	-10.92486575	-3.749906883	-0.25547782
KP0168_AC_SQ12_X	-10.7472716	-2.158152987	0.054392526