plot_name	sample_name	colony_points	colony_threeD_area	rot_colony_twoD_area	colony_rugosity	env_points	env_threeD_area	env_twoD_area	env_rugosity
cur_kal_05m_20200214	KP0950_AC_WP05	10676	0.05613015926585454	0.03371193292114486	1.664993798995384	278058	1.5043195967155423	0.7962358937244607	1.8892888509194934
cur_kal_05m_20200214	KP0952_HU_WP05	57	0.0002724164296159928	0.00021518559964736714	1.265960315478415	176639	0.9956159854881255	0.47201533697438913	2.109287363139529
cur_kal_05m_20200214	KP0954_HU_WP05	15	6.036144138564581e-05	3.409054663953336e-05	1.7706211057245764	168237	0.9476637176020537	0.43433334497651716	2.1818811025280374
cur_kal_05m_20200214	KP0955_HU_WP05	39	7.068636556793105e-05	6.89463121661316e-05	1.0252378023875541	170660	0.9654986761188397	0.45133514136580233	2.1392056315338257
cur_kal_05m_20200214	KP0956_HU_WP05	84	0.0004508111337181938	0.00028722092939391326	1.569562269259015	177068	1.017979102992275	0.4617687037755987	2.2045216461593995
cur_kal_05m_20200214	KP0958_HU_WP05	45	0.0002506613533604596	0.00019823451633701472	1.2644687615062709	186026	1.0944804427934456	0.4990441406933416	2.193153578104015
cur_kal_05m_20200214	KP0962_AC_WP05	5204	0.011316595344651395	0.009050629210983489	1.2503655912583425	270995	1.5781750834671702	0.603650800689189	2.6143841467042956
cur_kal_05m_20200214	KP0963_HU_WP05	194	0.0011677630427246516	0.0008172145737440701	1.428955234332818	167559	0.9731402425804083	0.4975341147496601	1.9559266665966308
cur_kal_05m_20200214	KP0965_AC_WP05	75	0.0002613961796078706	0.0001575263344516081	1.65938082999177	190302	1.0452028724062228	0.48931208933256737	2.1360659080218167
cur_kal_05m_20200214	KP0966_AC_WP05	1806	0.007306696558139831	0.004866676365266309	1.5013730130665883	231839	1.2338018269817301	0.5892113274186839	2.093988641370791
cur_kal_05m_20200214	KP0969_HU_WP05	12	3.769416694142031e-05	2.1974525519610606e-05	1.7153574900983009	136066	0.7934937329393187	0.48290463120262006	1.6431686127408038
cur_kal_05m_20200214	KP0970_HU_WP05	104	0.0005563019495565109	0.0004855868976624251	1.1456280065102709	179000	1.0374984384106978	0.5080777244389512	2.042007331764768
cur_kal_05m_20200214	KP0971_HU_WP05	160	0.0007075182383043741	0.0005525054953938189	1.2805632599184633	167936	1.012190927140537	0.48471598517204256	2.088214455690532
cur_kal_05m_20200214	KP0972_HU_WP05	151	0.0009040985132627385	0.0006748855412088581	1.3396323643907277	145422	0.8832666425025365	0.5217919070383156	1.6927565004140195
cur_kal_05m_20200214	KP0973_HU_WP05	223	0.0013494031317644304	0.0008348462835662628	1.6163492110189488	182585	1.0734599943478218	0.5255348372862831	2.0426048250024165
cur_kal_05m_20200214	KP0974_AC_WP05	3842	0.02174015036746331	0.008145118922699509	2.669101651404501	195332	1.151906959170936	0.6238082817608384	1.8465720844863123
cur_kal_05m_20200214	KP0975_AC_WP05	503	0.0026950301701804623	0.001343021397829111	2.0066919071704796	190411	1.0983295627224805	0.5116422172489143	2.1466750117458395
cur_kal_05m_20200214	KP0976_AC_WP05	43	0.00020343143954616087	0.00015966070632286784	1.2741484378428047	149902	0.868964847350965	0.40012305219329614	2.171744023713923
cur_kal_05m_20200214	KP0977_AC_WP05	139	0.000656788487337714	0.00036517448658724474	1.7985607194953885	154704	0.9044697455666634	0.42755553819930453	2.115443877480651
cur_kal_05m_20200214	KP0978_AC_WP05	5474	0.020427723749035207	0.006938957538414516	2.943918252265706	200942	1.1732404983159832	0.721411616755043	1.62631217888242
cur_kal_05m_20200214	KP0979_HU_WP05	100	0.0005379489998701098	0.0004475445844099177	1.202000914790175	150586	0.8573119245566528	0.48244156861754917	1.7770274792309169
cur_kal_05m_20200214	KP0980_HU_WP05	57	0.0002807770207133397	0.00019803395804024012	1.417822597154203	119915	0.7100992970333972	0.4067741107324149	1.7456845907789753
cur_kal_05m_20200214	KP0981_AC_WP05	3954	0.007646257717481328	0.00654589852966726	1.1680990291595614	196063	1.1676571134500997	0.6898170883589645	1.692705404309263
cur_kal_05m_20200214	KP0982_AC_WP05	11621	0.042294601484327135	0.026641124873902407	1.5875681557935581	246406	1.444601687435683	0.7937658904051262	1.8199341958349708
cur_kal_05m_20200214	KP0983_AC_WP05	1319	0.003538695713669118	0.003505795244863074	1.0093845950798899	179411	1.0226971027197491	0.5755481587617501	1.7769096940905993
cur_kal_05m_20200214	KP0984_HU_WP05	171	0.00029568360536657114	0.0003491076540057827	1	165371	0.9633376648500604	0.46513014858540835	2.071114219922835
cur_kal_05m_20200214	KP0986_HU_WP05	106	0.0005741081234832165	0.0004192278491374147	1.369441759807887	129710	0.7697451552231294	0.5103394534163666	1.5083003088830829
cur_kal_05m_20200214	KP0987_HU_WP05	52	0.00020537100664304558	0.00015335022280045947	1.3392286159914875	159380	0.8585993121241513	0.4979105761358352	1.724404648697232
cur_kal_05m_20200214	KP0988_AC_WP05	61	0.00011855061933885861	8.691462545804435e-05	1.3639893023077647	134333	0.798269960186198	0.4721730809145871	1.6906299669603562
cur_sna_05m_20200303	KP0130_AC_SB05	469	0.0022648682431012893	0.0018597000003438614	1.2178675284629303	151243	0.8358597058054007	0.4733326641166156	1.7659032836142252
cur_sna_05m_20200303	KP0132_HU_SB05	405	0.0022041040608686575	0.0011577660419742335	1.903756010247285	107282	0.605393443155835	0.3938101241346406	1.537272421541036
cur_sna_05m_20200303	KP0133_HU_SB05	438	0.002111016418774165	0.001603780724718302	1.3162749659215145	138224	0.8048174694366574	0.51761891842918	1.5548455452112144
cur_sna_05m_20200303	KP0134_HU_SB05	109	0.0005470131914743106	0.000370424820381624	1.4767185171629682	112493	0.6822912550728427	0.5120894123848169	1.3323674314909
cur_sna_05m_20200303	KP0135_HU_SB05	681	0.0033243463909316583	0.0029503858846835398	1.1267496933839993	134270	0.749964088159967	0.49698465748672854	1.5090286528211265
cur_sna_05m_20200303	KP0137_HU_SB05	250	0.0011551675439859324	0.0009389654975820969	1.2302555812333587	128557	0.7721128773620768	0.5386897430286125	1.4333164634268265
cur_sna_05m_20200303	KP0138_HU_SB05	45	0.0001666251170336125	0.00016158172675070838	1.0312126277167788	128034	0.7590148517641013	0.5089005243409819	1.4914797990177227
cur_sna_05m_20200303	KP0139_HU_SB05	107	0.0002952905632948603	0.00038873786360968263	1	119502	0.6641574683399902	0.5265471165650865	1.2613448017199307
cur_sna_05m_20200303	KP0140_HU_SB05	199	0.00048554931911377517	0.00046240949682245486	1.0500418405122094	122341	0.6832342308747986	0.5345199734477178	1.278220206567504
cur_sna_10m_20200303	KP0051_AC_SB10	5485	0.026907144587907224	0.023007903340682843	1.1694739928922466	236880	1.5782439467519092	0.6687433099831858	2.360014557441466
cur_sna_10m_20200303	KP0052_AC_SB10	3323	0.01602023596500208	0.013596556632683008	1.1782568482444373	253040	1.6210836912765492	0.6612725145370228	2.4514608661929937
cur_sna_10m_20200303	KP0053_AC_SB10	475	0.0037873462300111183	0.002018577399597456	1.8762452362571729	186278	1.2003629189157015	0.532667647007039	2.253493197231555
cur_sna_10m_20200303	KP0054_AC_SB10	259	0.0017776560740488127	0.0008817240393680404	2.016113879942431	160267	1.0289705918012075	0.49679102646969714	2.0712342554037093
cur_sna_10m_20200303	KP0056_AC_SB10	179	0.0012498621919844483	0.0010530017890069711	1.186951632022511	164743	1.080961753418394	0.5073719816140536	2.1305113261864292
cur_sna_10m_20200303	KP0057_AC_SB10	2790	0.018090014415750453	0.008386519828380581	2.1570347159417134	198447	1.2951136397430878	0.6355842929785125	2.037674080449424
cur_sna_10m_20200303	KP0058_AC_SB10	3560	0.016187857874463862	0.011590800136578254	1.3966126310277933	206545	1.4538882016671986	0.6450977422362145	2.2537487057811316
cur_sna_10m_20200303	KP0059_AC_SB10	195	0.0016857681248146888	0.0008553214135736207	1.9709177135778426	151801	1.050479737906639	0.5203142558682636	2.0189332236413025
cur_sna_10m_20200303	KP0061_AC_SB10	5657	0.0439872815338611	0.020630006231877412	2.132199139421107	208836	1.4809819509884832	0.7319130939033538	2.0234396177970835
cur_sna_10m_20200303	KP0062_AC_SB10	3337	0.02553560556817527	0.013924056300626951	1.8339200170445658	183584	1.308023804535691	0.6495250297193518	2.013815857259365
cur_sna_10m_20200303	KP0064_AC_SB10	2784	0.015389984645084875	0.009721429830120887	1.5830988768134222	217126	1.3955588865389617	0.6142738175552394	2.271884046911155
cur_sna_10m_20200303	KP0065_AC_SB10	759	0.005724951932915897	0.0040201727119426696	1.4240562142787707	217720	1.4105441809892016	0.5784917587123807	2.438313354936674
cur_sna_10m_20200303	KP0066_AC_SB10	4478	0.0201207253730046	0.01769418243355677	1.1371378953822655	269075	1.7609644039557357	0.6900342179552926	2.55199576794006
cur_sna_10m_20200303	KP0067_LM_SB10	1554	0.012214373568840076	0.010090113015110662	1.2105289158355494	216352	1.480748265117135	0.5849464959160351	2.531425139658732
cur_sna_10m_20200303	KP0068_AC_SB10	1339	0.005147955666190878	0.004027575010689572	1.2781774771488321	200306	1.3129429973883837	0.5541829271716564	2.369150930161556
cur_sna_10m_20200303	KP0069_AC_SB10	40252	0.19702624251755063	0.13036659215679092	1.5113246366108017	416610	2.6725665697068166	1.1058648432348892	2.416720800969667
cur_sna_10m_20200303	KP0070_AC_SB10	2612	0.017753103661195372	0.01792935224717274	1	212326	1.371932803845043	0.5949385031220297	2.3060077581894904
cur_sna_10m_20200303	KP0071_AC_SB10	1636	0.011475183892100562	0.011688740859986281	1	169839	1.0456611735751786	0.45641231848455605	2.291045029299667
cur_sna_10m_20200303	KP0072_AC_SB10	1306	0.004188831992841937	0.0029413363571586314	1.4241254600641466	183826	1.1214848559313968	0.504518546792805	2.2228813252963855
cur_sna_10m_20200303	KP0073_HU_SB10	161	0.001147058114828583	0.000977490377470246	1.173472538724299	146946	0.9327138281191198	0.4510765682289174	2.067750563460383
cur_sna_10m_20200303	KP0074_AC_SB10	1022	0.005145164145869825	0.0031446754762345865	1.6361510701990178	208663	1.3437244060098794	0.5545062696589158	2.4232808167100117
cur_sna_10m_20200303	KP0076_AC_SB10	1211	0.0067992945894167454	0.006397160575723443	1.0628613286993858	195825	1.2607672334323303	0.5850850538342743	2.1548443686436114
cur_sna_10m_20200303	KP0077_AC_SB10	541	0.0017602574924501973	0.0017754093679342488	1	194860	1.289957830614011	0.5562991583762109	2.318820388618394
cur_sna_10m_20200303	KP0078_AC_SB10	584	0.0032354974217746087	0.0020692135457581274	1.5636363044342885	194643	1.2607764200220566	0.5327336313988217	2.3666169089261015
cur_sna_10m_20200303	KP0079_LM_SB10	716	0.004742457631313672	0.00331796657059644	1.4293265258730934	204820	1.3502982448812006	0.5601180479362449	2.410738682419492
cur_sna_10m_20200303	KP0082_AC_SB10	5741	0.03345107966127379	0.016285566075642025	2.054032356376353	222521	1.501919178831962	0.6269561400858876	2.3955729640453187
cur_sna_10m_20200303	KP0083_AC_SB10	5862	0.03633027189348569	0.021925236935782796	1.6570070371368872	250843	1.7008397708466865	0.7229464104185331	2.3526498594301404
cur_sna_10m_20200303	KP0084_AC_SB10	384	0.0018284027119562381	0.0014952401294526625	1.222815436758998	170241	1.197777191689116	0.5373227483501951	2.229157792717303
cur_sna_10m_20200303	KP0085_AC_SB10	1384	0.010992244790679484	0.008383003101798089	1.3112538140802708	196546	1.4396100928615823	0.5943322033173787	2.422231346082416
cur_sna_10m_20200303	KP0086_LM_SB10	4794	0.03643079209759457	0.02388692025041203	1.525135585319592	235159	1.7638386142694458	0.7081729530104357	2.4906890425162196
cur_sna_10m_20200303	KP0087_AC_SB10	1462	0.010842551570998546	0.006936327965931229	1.5631543987327725	195544	1.3956945959917004	0.6018036074899569	2.319186157445878
cur_sna_10m_20200303	KP0088_AC_SB10	5483	0.031440753490404115	0.017192359134546104	1.8287631874340893	242038	1.737293361248664	0.7509822336808605	2.313361466267322
cur_sna_10m_20200303	KP0089_AC_SB10	5868	0.01135508970902309	0.009228290436924115	1.2304651426649138	217435	1.4357362415357522	0.6536287126359361	2.196562381333822
cur_sna_10m_20200303	KP0090_AC_SB10	354	0.002412731485305498	0.001488743626766906	1.6206494133212244	196215	1.2898352048766437	0.5475796346373596	2.3555207741260333
cur_sna_10m_20200303	KP0091_HU_SB10	178	0.0009347387121688707	0.0008400912435269055	1.1126633200515366	180637	1.2039861187867784	0.5292169006574357	2.275033388561647
cur_sna_10m_20200303	KP0092_HU_SB10	304	0.0006630026881227699	0.0006791173856154565	1	178305	1.1738384242681927	0.5033710810899203	2.331954433549397
cur_sna_10m_20200303	KP0093_HU_SB10	314	0.001830553034187377	0.0015179132740393052	1.2059668134504873	194888	1.2747564559682747	0.530014618901229	2.405134519894879
cur_sna_10m_20200303	KP0094_HU_SB10	674	0.0035229408641266023	0.0035334253817951326	1	214839	1.3940929481533062	0.5737135670464956	2.429945931608629
cur_sna_10m_20200303	KP0095_AC_SB10	378	0.002706050023006001	0.0022370970996844555	1.2096256453900422	214850	1.4042711257094052	0.5600618662334785	2.50735000965767
cur_sna_10m_20200303	KP0098_AC_SB10	635	0.004475333801194822	0.003567152678395181	1.2545955288934314	182766	1.1973514916556933	0.5140700060975025	2.3291603817644133
cur_sna_10m_20200303	KP0099_AC_SB10	161	0.0004086961831594775	0.0005315375513095737	1	149385	0.9618139408037932	0.46280683579964715	2.0782189596269713
cur_sna_10m_20200303	KP0100_AC_SB10	630	0.003293530831790154	0.0018627087988453833	1.7681404811270975	168318	1.0607666171359924	0.471500431994195	2.249768070518019
cur_sna_10m_20200303	KP0101_AC_SB10	3022	0.01872755810911999	0.009935727167060385	1.884870406990129	170834	1.093861564024439	0.5799305140655179	1.8861941861897948
cur_sna_10m_20200303	KP0102_AC_SB10	15036	0.04606000319227137	0.026076580292985044	1.7663360254589109	298493	1.7315324745396496	0.8144547931006166	2.126001945359954
cur_sna_10m_20200303	KP0103_AC_SB10	1325	0.006630556036327142	0.004523315272160896	1.4658620143361278	220822	1.3124200745146697	0.5474316203406003	2.3974137147907344
cur_sna_10m_20200303	KP0104_AC_SB10	1774	0.010680689113595047	0.004547333982882656	2.348780440099612	228666	1.2857206718911474	0.5644571336283826	2.277800377198559
cur_sna_10m_20200303	KP0105_AC_SB10	950	0.0031332903864369106	0.002983724306689377	1.0501273121689605	207546	1.1999556193002001	0.5382295711797508	2.229449446023572
cur_sna_10m_20200303	KP0107_AC_SB10	4006	0.021711424129433707	0.01734755650417156	1.2515551757512806	225762	1.4255715741321435	0.668420686757238	2.1327460420893485
cur_sna_10m_20200303	KP0108_AC_SB10	1579	0.011195113250321593	0.006302534246414947	1.7762875714145747	201859	1.307873207628814	0.5428858979449983	2.40911250887073
cur_sna_10m_20200303	KP0109_LM_SB10	4067	0.025162621256910378	0.018820822513473872	1.3369565139300579	201466	1.3053284914944223	0.6501243820863035	2.00781346994788
cur_sna_10m_20200303	KP0112_AC_SB10	1254	0.004666062769820716	0.0032202226071504944	1.4489876443509644	166630	1.1637241656303536	0.5306296994342652	2.193100323768283
cur_sna_10m_20200303	KP0113_LM_SB10	4112	0.007716486010811698	0.007419349534213992	1.0400488580875553	164774	1.1569718682642254	0.6223103826146424	1.8591556570263188
cur_sna_10m_20200303	KP0116_AC_SB10	3076	0.021814483705656043	0.009464742849328621	2.3048152551977097	137256	0.9667403750739034	0.6560648044449321	1.4735440287668236
cur_sna_10m_20200303	KP0117_AC_SB10	1753	0.009273862345639023	0.007462818249034246	1.2426756268436716	181301	1.2638012972195645	0.6146464447032756	2.056143508370365
cur_sna_10m_20200303	KP0119_AC_SB10	6341	0.044312783010554725	0.04175735916857223	1.061196969656687	225250	1.6435689399126714	0.7942650948236184	2.069295189508053
cur_sna_10m_20200303	KP0121_AC_SB10	702	0.004751266035295102	0.002238178205021483	2.1228274069666844	157173	1.075755238946538	0.5768318470285613	1.864937320101317
cur_sna_10m_20200303	KP0122_AC_SB10	1499	0.010952851646745775	0.005956455726074069	1.8388202901937551	166006	1.1718168496549584	0.5748527640535247	2.038464321528165
cur_sna_10m_20200303	KP0123_AC_SB10	10086	0.06528381308876274	0.031377776132133994	2.0805748888591746	138507	1.001539635305008	0.44664675210954036	2.2423528897829748
cur_sna_10m_20200303	KP0124_AC_SB10	1852	0.010629876988652628	0.006253318885826163	1.6998776462122245	156125	1.1440112650586562	0.5861066211490692	1.9518825138262526
cur_sna_10m_20200303	KP0125_AC_SB10	610	0.003471717788858188	0.001982657409937254	1.751042702313386	136887	1.0160819481579237	0.5395669521427305	1.8831434062498729
cur_sna_10m_20200303	KP0126_AC_SB10	7645	0.05985801654192127	0.03682530589571292	1.6254587731446308	236928	1.6901526680567933	0.8845796065488457	1.910684641092802
cur_sna_10m_20200303	KP0127_AC_SB10	5553	0.025443438721395775	0.016493419187329248	1.5426418520267895	221324	1.5717845464987799	0.7577885080378505	2.0741731100787177
cur_sna_10m_20200303	KP0128_LM_SB10	274	0.0023653313881858355	0.001856078718099472	1.2743701897556434	157185	1.1190235498709324	0.5333236250473872	2.098207349752234
cur_sna_10m_20200303	KP0129_AC_SB10	1657	0.008942538224354323	0.00615806925497778	1.4521659068913135	146168	1.0508476120906989	0.6002788936028506	1.750598968728606
cur_kal_10m_20200214	KP0739_HU_WP10	98	0.0007440665973998764	0.0005687339764900653	1.3082858210650155	91355	0.7603276872329379	0.4925877520511419	1.543537540401529
cur_kal_10m_20200214	KP0740_HU_WP10	30	0.00024185653452526645	0.00016904072887704736	1.4307589427230998	100275	0.8995900725277417	0.4258088025055827	2.1126619910962208
cur_kal_10m_20200214	KP0741_AC_WP10	1220	0.008833998159278583	0.008968557105886921	1	161817	1.395721957036239	0.6057363688275837	2.304173942432563
cur_kal_10m_20200214	KP0742_AC_WP10	1829	0.013036991186522882	0.006232475721127984	2.0917837100155414	163497	1.462172087473538	0.6155154604939183	2.375524550269173
cur_kal_10m_20200214	KP0743_AC_WP10	9124	0.02722812858259827	0.01967023422491281	1.3842300132915148	173602	1.4635443931286587	0.7315977955824846	2.0004767673792836
cur_kal_10m_20200214	KP0744_HU_WP10	96	0.0007852658035167342	0.0006394263373763016	1.2280786036102955	143290	1.3600235874076025	0.5331460497978028	2.5509400058828073
cur_kal_10m_20200214	KP0746_AC_WP10	2386	0.02305203435912761	0.021870027659997387	1.054046877192215	159861	1.5131252152981705	0.6712285174631022	2.2542624097930224
cur_kal_10m_20200214	KP0747_AC_WP10	1724	0.010655304359807485	0.009477247509948642	1.1243036914064122	113329	0.9099379872270451	0.5700422223519522	1.5962641915763853
cur_kal_10m_20200214	KP0748_AC_WP10	213	0.0016412492082753458	0.0009591948289447732	1.711069700074293	181743	1.6677665593489324	0.5471820855644394	3.0479187885483623
cur_kal_10m_20200214	KP0749_AC_WP10	6515	0.04632800860042995	0.02800404943262743	1.654332481875044	160233	1.3135249313304653	0.7096883641234518	1.8508474955099796
cur_kal_10m_20200214	KP0750_AC_WP10	31	0.00020054303735159116	9.552715750523613e-05	2.0993301024433686	53561	0.5028648939570205	0.19154990547804426	2.6252421931612995
cur_kal_10m_20200214	KP0751_AC_WP10	953	0.005630621255143839	0.003472737208118076	1.6213784452164608	139563	1.11529973964882	0.5872555545909982	1.8991727382222634
cur_kal_10m_20200214	KP0752_AC_WP10	37	0.00027339123061053755	0.0002158250618113924	1.2667260619132903	106621	0.9999573328816914	0.4104437097312425	2.436283731906772
cur_kal_10m_20200214	KP0754_LM_WP10	12745	0.0815913668991157	0.08283325611264047	1	147255	1.3782413956023332	0.8211413431098358	1.678445991262164
cur_kal_10m_20200214	KP0755_AC_WP10	10923	0.06348950994361278	0.03739638990639273	1.6977443572102549	226775	2.044977933953828	0.4819164344381768	4.24342850298908
cur_kal_10m_20200214	KP0756_AC_WP10	6210	0.05388255397385899	0.026995352036082942	1.9959937511404802	68978	0.6435904049394622	0.33638568903495264	1.9132514429666745
cur_kal_10m_20200214	KP0757_AC_WP10	612	0.0037383452049248303	0.002462275231725114	1.5182483082143823	152776	1.3849498260445312	0.3844488415453776	3.602429442828901
cur_kal_10m_20200214	KP0758_AC_WP10	4973	0.041766880372856474	0.02914285200356397	1.4331775204344679	204422	1.7206884202049122	0.5659224783012423	3.040501987781062
cur_kal_10m_20200214	KP0759_AC_WP10	1305	0.0016769775365097577	0.0023953523012485993	1	217383	1.7425348507131544	0.5668645645546667	3.0739879676234545
cur_kal_10m_20200214	KP0760_AC_WP10	9391	0.06275922427643482	0.029380870908100886	2.136057316773781	254196	2.1174453056648384	0.6827433649355529	3.1013780791040175
cur_kal_10m_20200214	KP0761_AC_WP20	4503	0.019993285095754078	0.019279347138938585	1.0370312309680627	107114	0.9536005052001738	0.36538211697059736	2.60987185992168
cur_kal_10m_20200214	KP0762_AC_WP10	3850	0.02383461993923374	0.01575570916871985	1.5127608464970352	196368	1.6705112346754323	0.4217446156282972	3.9609545036793787
cur_kal_10m_20200214	KP0763_LM_WP10	10848	0.09978886756456296	0.0875755702670921	1.1394600944101438	170659	1.6581859454597447	0.9243817468051644	1.7938324195504125
cur_kal_10m_20200214	KP0764_HU_WP10	830	0.006892875056965379	0.004305613870894035	1.6009041367042316	218719	1.7959158898339092	0.4541908210509576	3.9540999214346026
cur_kal_10m_20200214	KP0765_AC_WP10	1657	0.010826307142572888	0.010486250491190873	1.0324288125357757	144449	1.27549019224295	0.5139073447908111	2.4819458316209615
cur_kal_10m_20200214	KP0766_AC_WP10	3224	0.02680313075411033	0.017964796833742653	1.4919807333288035	254357	2.1298426454244597	0.610590991929141	3.48816584845986
cur_kal_10m_20200214	KP0767_AC_WP10	3985	0.022698859041483454	0.01994543708648534	1.1380477120184938	215124	1.9292157077959557	0.6684011551601374	2.8863141436877813
cur_kal_10m_20200214	KP0768_HU_WP10	332	0.0025536721990028098	0.0014517540149911628	1.759025408321915	193630	1.5219498722012956	0.42146965571602957	3.611054441429891
cur_kal_10m_20200214	KP0769_AC_WP10	79819	0.5490576577656091	0.21860203961548075	2.511676737927044	329203	2.961179815115795	1.025733667602836	2.8868895588034493
cur_kal_10m_20200214	KP0770_AC_WP10	73	0.0005331286083038645	0.00046950310873696596	1.13551667365539	150135	1.3236048920969745	0.3623305485704124	3.6530314579306187
cur_kal_10m_20200214	KP0771_AC_WP10	1282	0.005651850548532951	0.0064980718961077715	1	162246	1.5283030624645624	0.6157313672650719	2.4820938865806212
cur_kal_10m_20200214	KP0772_AC_WP10	309	0.0030910181328981084	0.0017569623744429165	1.7592967145230891	187924	1.5947728342019905	0.45554659489313615	3.5007897152125533
cur_kal_10m_20200214	KP0773_AC_WP10	2377	0.02011704883411728	0.01741729886924562	1.1550039409175386	80088	0.7355240402884509	0.5248827236585908	1.4013112017892808
cur_kal_10m_20200214	KP0774_AC_WP10	49	0.00036645733351077384	0.00029847506705320064	1.227765310947919	144727	1.1609139230068974	0.34695236044074357	3.3460326412887205
cur_kal_10m_20200214	KP0775_HU_WP10	183	0.0016588622112486042	0.001574745588812205	1.0534160076611783	108106	0.9954992035539801	0.4933015709097038	2.018033718640237
cur_kal_10m_20200214	KP0777_AC_WP10	3930	0.01987963780638504	0.015244054846409325	1.304091201893544	159004	1.3473061156137534	0.5264337605892073	2.559307963276881
cur_kal_10m_20200214	KP0778_AC_WP10	2987	0.022423136894743144	0.010818005354557248	2.0727607502335963	123771	1.0294162750013005	0.34591106821100537	2.975956451249943
cur_kal_10m_20200214	KP0779_AC_WP10	2181	0.016027695944233086	0.009492309090210111	1.688492841089977	127403	1.1094070131780276	0.5310255724312204	2.0891781314763715
cur_kal_10m_20200214	KP0780_AC_WP10	4481	0.029716721353847796	0.02076207940625699	1.4312979337171874	193771	1.6355472304640277	0.5980087074146117	2.734988989600229
cur_kal_10m_20200214	KP0781_AC_WP10	216	0.002015196265222106	0.0008922547874449981	2.258543516468753	116110	0.9774392231522391	0.30932834767688394	3.159876003906521
cur_kal_10m_20200214	KP0782_AC_WP10	7002	0.038148143076887686	0.024671621485247184	1.5462357469977812	201131	1.6640358858030235	0.5927185668939328	2.80746374206429
cur_kal_10m_20200214	KP0783_HU_WP10	331	0.0029003211700360616	0.001543928880838293	1.8785328819429175	100053	0.8934500009766027	0.29399241902745676	3.0390239446723997
cur_kal_10m_20200214	KP0784_AC_WP10	4217	0.025928995118324607	0.013605906351416003	1.9057161242055813	194044	1.5926995118390752	0.595294382283765	2.675482180310358
cur_kal_10m_20200214	KP0785_AC_WP10	249	0.0012078497122411161	0.001008169844166458	1.1980617345678999	174611	1.5307769935570128	0.44501833831897863	3.439806546713111
cur_kal_10m_20200214	KP0786_HU_WP10	138	0.0007599224420916022	0.000543422348411549	1.3984011594534047	108841	0.9156926998601504	0.3146090812520829	2.9105730076699365
cur_kal_10m_20200214	KP0787_AC_WP10	25529	0.1864321968558819	0.10145038383000836	1.8376687186149065	145081	1.2427231693218397	0.44745386140184135	2.777321365444195
cur_kal_10m_20200214	KP0788_AC_WP10	176	0.0011956130040286625	0.0004839080434735753	2.470744225382877	141449	1.1648487731205561	0.43808882085487494	2.6589328868230444
cur_kal_10m_20200214	KP0789_HU_WP10	83	0.0003606270355014438	0.0002531083658593674	1.4247930299617837	119229	0.9962953396657463	0.3947938404991981	2.5235837985870755
cur_kal_10m_20200214	KP0790_AC_WP10	1481	0.010535411579432781	0.0055837617142409455	1.8867946231593375	165157	1.3705480840746018	0.4823069975769787	2.8416508384908
cur_kal_10m_20200214	KP0791_AC_WP10	311	0.0023388257319253616	0.0008532194326162883	2.741177289825258	82312	0.7295503592488372	0.3494386130727146	2.0877783162933548
cur_kal_10m_20200214	KP0792_AC_WP10	2983	0.00785051198911946	0.007423519176760104	1.0575189209042646	149865	1.2173890290446412	0.5206202732013511	2.3383434946910207
cur_kal_10m_20200214	KP0793_AC_WP10	1962	0.016017543404199253	0.009582974878580584	1.6714583526667606	132696	1.180736527744702	0.5145319199771597	2.294777995108866
cur_kal_10m_20200214	KP0794_AC_WP10	473	0.002862828430847188	0.0019968989404683564	1.4336371124398188	178908	1.4416794034183869	0.5072582636451246	2.842101364812814
cur_kal_10m_20200214	KP0795_LM_WP10	9247	0.05846636079476355	0.0466314050786276	1.253797965044811	205060	1.6519562312187488	0.7727908342304287	2.1376498763262672
cur_kal_10m_20200214	KP0797_AC_WP10	1433	0.015448536959907347	0.012388247386814363	1.2470316807162127	170848	1.4514328152058744	0.6269963521618824	2.3148983406384045
cur_kal_10m_20200214	KP0799_AC_WP10	6740	0.05254089770228428	0.03788729904414219	1.3867680998075187	221468	1.9144510358273872	0.7603034195086044	2.5180092403960592
cur_kal_10m_20200214	KP0800_AC_WP10	1385	0.009568452281558096	0.005973999117082747	1.6016829085556696	163590	1.3360298844453768	0.5175947529986545	2.5812276432579093
cur_kal_10m_20200214	KP0801_AC_WP10	1097	0.010532649305401178	0.007099444610791465	1.4835877850770316	203079	1.725349315193833	0.6377060196513701	2.7055559490203196
cur_kal_10m_20200214	KP0802_AC_WP10	650	0.0028857076460567974	0.002789497850316007	1.034490005335509	189203	1.587565683975345	0.5605772480774082	2.83201947531792
cur_kal_10m_20200214	KP0803_HU_WP10	307	0.002323007792721961	0.0017798280847093559	1.3051866147517872	145436	1.1331593113671525	0.5408268771796846	2.095234832403995
cur_kal_10m_20200214	KP0804_AC_WP10	2637	0.018977663095296696	0.012351534593337477	1.5364619636440486	219100	1.8197684940616738	0.6319785997620903	2.8794780309756214
cur_kal_10m_20200214	KP0805_HU_WP10	963	0.005315343952252275	0.004558691893700094	1.1659800829263849	190092	1.565406518354997	0.5644888742240989	2.7731397195501493
cur_kal_10m_20200214	KP0806_AC_WP10	660	0.004897795858689563	0.002054288903292884	2.384180652895867	171132	1.3814631825216683	0.5427749231401844	2.545186086581367
cur_kal_10m_20200214	KP0807_AC_WP10	7555	0.0618731471648982	0.032892539103524035	1.8810693504129405	243213	2.007519793369402	0.7001268158392289	2.8673659513570064
cur_kal_10m_20200214	KP0808_AC_WP10	8465	0.05431946136592103	0.02368306859597818	2.2935989542818565	213847	1.6944305360238738	0.6947982028326809	2.438737649458085
cur_kal_10m_20200214	KP0809_AC_WP10	457	0.004466969179547376	0.0025179409202951103	1.7740563901014144	144986	1.1570853921634305	0.4943387462592006	2.340673072704535
cur_kal_10m_20200214	KP0810_AC_WP10	939	0.004680153066589941	0.002024713285435012	2.3115139808965126	204290	1.6804842424141841	0.5443954327134125	3.086881596412742
cur_kal_10m_20200214	KP0811_AC_WP10	661	0.0053146881816761036	0.004787814855239334	1.1100446325446793	196094	1.5926195283796187	0.4695204003445014	3.392013482717823
cur_kal_10m_20200214	KP0812_AC_WP10	3789	0.03120553642328216	0.015283432955254523	2.041788419829691	181405	1.5108785146976769	0.5533908704448914	2.730219444139051
cur_kal_10m_20200214	KP0813_AC_WP10	7789	0.0517106345603857	0.05037672482309624	1.0264786911410704	198672	1.5961251058136448	0.754804555741794	2.114620392354458
cur_kal_10m_20200214	KP0815_AC_WP10	16531	0.06510929596456391	0.07593999875338377	1	212913	1.6491409693212495	0.8291789267396142	1.9888843241660514
cur_kal_10m_20200214	KP0816_AC_WP10	2108	0.015332077652037169	0.01434927653457239	1.0684913357894295	159495	1.347566988349147	0.5687571575225159	2.3693187338847683
cur_kal_10m_20200214	KP0817_AC_WP10	3773	0.02758512283891917	0.02412361406993365	1.1434904719894252	168445	1.3738259453965869	0.6952448206817277	1.9760319020420336
cur_kal_10m_20200214	KP0819_AC_WP10	1919	0.009110883390808028	0.010098019206123554	1	119369	1.0191652660667456	0.5238810132810254	1.9454136344506818
cur_kal_10m_20200214	KP0820_AC_WP10	279	0.002536632520511936	0.0012363948041817846	2.0516363478174084	132068	1.1255672462961555	0.5169232070254427	2.1774360891496127
cur_kal_10m_20200214	KP0823_AC_WP10	8191	0.05502583702462446	0.02551000802406464	2.1570293891211767	158297	1.3868665179660042	0.6388277800211352	2.1709552423035214
cur_kal_10m_20200214	KP0824_AC_WP10	13054	0.09551911987866583	0.09435885428592666	1.0122963086137453	279758	2.2887356627496422	0.7124751647135799	3.2123725514976096
cur_kal_10m_20200214	KP0825_AC_WP10	2908	0.007092522151329778	0.007912557442717778	1	151819	1.216308708638224	0.44550468108697433	2.7301816575093816
cur_kal_10m_20200214	KP0831_HU_WP10	314	0.0022399041593568966	0.0011177187848160385	2.003996165927868	120305	0.8580807341532254	0.3193504262273198	2.686956595894527
cur_kal_10m_20200214	KP0833_AC_WP10	1744	0.007492736020119581	0.003395776082880457	2.206487070185114	121273	0.8948766506931362	0.3513964192575822	2.546629964482278
cur_kal_10m_20200214	KP0835_AC_WP10	3520	0.012942081134021451	0.00827987969764464	1.563075987408737	134972	1.0548467930728442	0.3904977271400825	2.701287919902389
cur_kal_10m_20200214	KP0837_AC_WP10	10948	0.007474120501747355	0.005306731302733686	1.4084226382249976	179334	1.3417762769481343	0.5215760312632308	2.572542058150985
cur_kal_10m_20200214	KP0845_AC_WP10	227	0.0023855168132686814	0.0010695261228297794	2.230442774933837	77801	0.664058044895385	0.3018444985935458	2.200000490284186
cur_kal_10m_20200214	KP0849_AC_WP10	9878	0.05245732502750773	0.030868261337082623	1.6993935762909251	264187	2.0591541032776184	0.6739064178928369	3.0555490326329857
cur_kal_10m_20200214	KP0851_AC_WP10	2640	0.014498815666449498	0.008977566135162924	1.61500516377832	218206	1.6460520048528424	0.6464606700904889	2.5462523568872872
cur_kal_10m_20200214	KP0853_AC_WP10	689	0.004949163333097794	0.0025346413203702826	1.9526089523289143	165212	1.2760782951612133	0.548280049842589	2.3274206229600636
cur_kal_10m_20200214	KP0855_AC_WP10	2826	0.017913245232084263	0.014934236519869285	1.199475126046889	220571	1.7120038316751276	0.635066393474567	2.6957871637773723
cur_kal_10m_20200214	KP0857_AC_WP10	35164	0.16975441254252377	0.07633473669111886	2.2238160489033794	366447	2.946977841091568	0.8044823034472701	3.663197845948302
cur_kal_10m_20200214	KP0859_HU_WP10	348	0.002451761493893136	0.001523605945011453	1.609183465003286	116711	0.9647193791008725	0.32347756992915216	2.9823377840762335
cur_kal_10m_20200214	KP0861_AC_WP10	1602	0.011473066552175393	0.00559073324585237	2.052157748840366	206628	1.7029637485571176	0.5330418275598039	3.1948032227659584
cur_kal_10m_20200214	KP0863_AC_WP10	1856	0.014754430785418583	0.007865910230245769	1.8757436016349736	154716	1.3248104164865824	0.451300662668401	2.935538380673737
cur_kal_10m_20200214	KP0879_AC_WP10	2752	0.015866021362143237	0.010618172469403992	1.4942327794976766	115248	0.9073539102537975	0.4752820889051578	1.9090850074824919
cur_kal_10m_20200214	KP0881_AC_WP10	5597	0.03811200676806375	0.019435311712283077	1.9609670959883314	222302	1.6085743590296002	0.4653161941788419	3.4569490147840263
cur_kal_10m_20200214	KP0883_AC_WP10	8539	0.05602636362974598	0.023820175843770632	2.3520549972933047	240652	1.8898106517317577	0.6109522722633073	3.093221414384543
cur_kal_10m_20200214	KP0885_AC_WP10	5451	0.035694042050448266	0.016655283652971226	2.143106223476453	186975	1.486622627533578	0.46117462767423806	3.223556844466496
cur_kal_10m_20200214	KP0887_AC_WP10	7956	0.03872137568748018	0.026926416491093043	1.43804414896014	277606	2.105843025875598	0.7513950956832138	2.802577549379449
cur_kal_10m_20200214	KP0889_LM_WP10	16069	0.07938554833812157	0.07867103097513292	1.0090823439598053	240392	1.89064666716527	0.7593483695547282	2.489827782568257
cur_kal_10m_20200214	KP0891_AC_WP10	350	0.0018274265145052301	0.0018358960682845612	1	149100	1.1774844212446218	0.44175623406816283	2.665461923199337
cur_kal_10m_20200214	KP0893_LM_WP10	3484	0.023923984023873423	0.025567677973061028	1	173005	1.3899185096922602	0.6311442229176022	2.202220125325806
cur_kal_10m_20200214	KP0895_AC_WP10	32262	0.12559851136836678	0.11864655182637056	1.0585938607990044	360095	2.7931959901484413	1.1955721100969303	2.336283998730938
cur_kal_10m_20200214	KP0899_HU_WP10	82	0.0006053892007379159	0.00029328911120803087	2.0641380044570132	120472	0.9797872709139325	0.44224523394383597	2.2154840701762386
cur_kal_10m_20200214	KP0903_HU_WP10	275	0.0008513938504761883	0.0007640760359029225	1.1142789597766678	157286	1.265525152295019	0.5098475563869559	2.4821638084591133
cur_sna_20m_20200303	KP0613_LM_SB20	15916	0.09401546697678975	0.06853413182460243	1.3718050331096485	323990	1.9165543654943313	0.6508230305358179	2.9448164486687665
cur_sna_20m_20200303	KP0614_LM_SB20	7913	0.032687896044412065	0.027550246346010606	1.1864828950665776	253260	1.4949222760096417	0.5895117634778977	2.535865047357431
cur_sna_20m_20200303	KP0615_AC_SB20	224	0.0012453712347287177	0.001104949032091285	1.1270847781744848	172704	0.9682672471677062	0.30984804337426514	3.1249745411435024
cur_sna_20m_20200303	KP0616_LM_SB20	3749	0.015320161878557552	0.013505022047632076	1.1344048032297538	154924	0.9045967535744756	0.46070649226425037	1.9634990362923304
cur_sna_20m_20200303	KP0617_LM_SB20	19935	0.10169527278214918	0.09083670137655041	1.1195394729338104	303656	1.8079323766262458	0.6033934329701026	2.9962745330637808
cur_sna_20m_20200303	KP0618_LM_SB20	7488	0.03352696445716498	0.0289425304290879	1.1583978304630067	271640	1.5256658067271183	0.5873813657885749	2.5974024638641233
cur_sna_20m_20200303	KP0619_AC_SB20	2118	0.010823402936156927	0.005930741856048017	1.8249661170329816	171816	0.962483765890413	0.2752805466127128	3.4963740726819825
cur_sna_20m_20200303	KP0620_LM_SB20	10419	0.040603839878101206	0.0379395054361875	1.070225861177737	296227	1.6631835251600946	0.6056284171149012	2.746211171997485
cur_sna_20m_20200303	KP0621_LM_SB20	7427	0.035833609945583	0.030393643857094425	1.178983675470646	240771	1.3788772775103173	0.4839152552576288	2.84941890657327
cur_sna_20m_20200303	KP0623_LM_SB20	29813	0.1649362887776618	0.13338750326543528	1.2365197993806498	279129	1.6147409043836014	0.6124421512916294	2.6365606955336798
cur_sna_20m_20200303	KP0624_AC_SB20	15886	0.02894870823789288	0.029201470506457574	1	317459	1.7268928973814022	0.7178702667362	2.4055779677750513
cur_sna_20m_20200303	KP0626_AC_SB20	8639	0.04015171001531183	0.03802153570637841	1.0560254673925773	259301	1.3920758609488466	0.5110204906979396	2.7241096713119712
cur_sna_20m_20200303	KP0628_AC_SB20	1067	0.005258532272849662	0.005070202586032941	1.03714441062681	227528	1.2028461432033999	0.47303597171715533	2.5428217199571104
cur_sna_20m_20200303	KP0629_LM_SB20	5092	0.024794054013910435	0.01861789793699689	1.3317321911320872	342981	1.9296704963692224	0.5453290754203824	3.5385432087619404
cur_sna_20m_20200303	KP0630_AC_SB20	268	0.0014946131123101164	0.001231556993836786	1.213596382294746	204490	1.1312703362828285	0.472371634900719	2.394873554422026
cur_sna_20m_20200303	KP0631_LM_SB20	11054	0.05154328706990274	0.03771625682535756	1.366606641496007	235390	1.3182391195693137	0.573443998838819	2.298810559075775
cur_sna_20m_20200303	KP0632_AC_SB20	98	0.0004888578492588491	0.0002600049072441302	1.8801870104699168	161501	0.852634415982656	0.2975988780433107	2.8650458012095354
cur_sna_20m_20200303	KP0633_AC_SB20	8023	0.042732836621031056	0.03792804019504735	1.1266819060851743	249186	1.4581990870371697	0.44690947778910967	3.262851113050848
cur_sna_20m_20200303	KP0635_AC_SB20	3916	0.020422027281698795	0.009402774243150171	2.171915091609909	197843	1.1545903810465017	0.3731431127848938	3.0942293760412767
cur_sna_20m_20200303	KP0636_AC_SB20	1609	0.007636250969554515	0.003731882299308227	2.046219670692732	147593	0.8415711768490783	0.3701323835087561	2.2737031784984834
cur_sna_20m_20200303	KP0637_LM_SB20	18362	0.05579760446454665	0.04831732986551946	1.1548155624461631	327684	1.8435679167369527	0.6201143706824644	2.9729482235801457
cur_sna_20m_20200303	KP0638_AC_SB20	9667	0.04191937291824555	0.02964955016934461	1.4138282934756632	326972	1.9040687344899334	0.7422209604731462	2.5653664284502824
cur_sna_20m_20200303	KP0639_LM_SB20	53409	0.2413296799987544	0.21580667871621076	1.1182678934422914	547566	3.1032862247439628	1.0596836885038423	2.9285023997354003
cur_sna_20m_20200303	KP0640_AC_SB20	13706	0.06497462055572889	0.04671003045234789	1.3910207278073596	287713	1.6618805249423982	0.6894499315477315	2.410444107539003
cur_sna_20m_20200303	KP0641_LM_SB20	5129	0.027706641312995002	0.02394554765753189	1.157068600361708	252400	1.4644707019632324	0.5365058900583999	2.7296451522719005
cur_sna_20m_20200303	KP0642_AC_SB20	480	0.0024365781924114765	0.0014246614610850044	1.710285747854658	169732	1.0097018128905728	0.43781063985837115	2.3062523405488835
cur_sna_20m_20200303	KP0643_AC_SB20	4811	0.01998279259023653	0.01681614668227049	1.188309840999703	288571	1.5953925752273004	0.6212433695488246	2.5680637467180496
cur_sna_20m_20200303	KP0644_AC_SB20	2541	0.017263015819870765	0.012552270572494494	1.3752902887306158	252698	1.512506852594706	0.5283555709663785	2.862668505280042
cur_sna_20m_20200303	KP0646_AC_SB20	786	0.003218729207111453	0.001713534268403477	1.8784154285460462	194979	1.1358194272708215	0.47204441975572725	2.406170647793238
cur_sna_20m_20200303	KP0647_AC_SB20	1630	0.009033630467805616	0.007403630717315366	1.2201622167186243	195891	1.1528693572559434	0.43232754022702663	2.6666572216300195
cur_sna_20m_20200303	KP0648_AC_SB20	2836	0.013771577486271667	0.007420046919911752	1.8559960111998126	258902	1.5021333098321166	0.44808577164582514	3.3523343183041954
cur_sna_20m_20200303	KP0649_AC_SB20	6504	0.03821860144664248	0.03341729026509249	1.1436774539007253	281403	1.6800775160689039	0.569071770374682	2.9523121748997063
cur_sna_20m_20200303	KP0650_LM_SB20	21943	0.09834032738944547	0.05454216790092581	1.8030146430570506	292457	1.6706059374865896	0.6939068416865041	2.4075363393539537
cur_sna_20m_20200303	KP0651_AC_SB20	785	0.004868123188664238	0.004852614383593168	1.0031959689860181	184230	1.0944561534105794	0.334983020871224	3.2671988883619156
cur_sna_20m_20200303	KP0652_AC_SB20	895	0.0014693826601499729	0.0016090460742605134	1	211078	1.1383477509840778	0.49519013357362257	2.2988094346084815
cur_sna_20m_20200303	KP0654_AC_SB20	11624	0.048839439420247883	0.031414436875417326	1.5546813592086417	333243	1.755777497653871	0.7004315281310415	2.506708260747206
cur_sna_20m_20200303	KP0655_LM_SB20	31693	0.13399904815945196	0.11726522973385073	1.142700598153271	352883	2.0373357680115487	0.6249826433565381	3.259827756287459
cur_sna_20m_20200303	KP0656_AC_SB20	6105	0.015291858515240389	0.014057730192408625	1.0877900134616476	263172	1.4210948224495323	0.6170248857116405	2.3031402061045307
cur_sna_20m_20200303	KP0657_LM_SB20	3818	0.019435351929321252	0.017966692025357372	1.0817434785374558	197338	1.1295784135341298	0.5939546403544448	1.9017923874793694
cur_sna_20m_20200303	KP0658_AC_SB20	4908	0.0048267967433245065	0.0050250182087637945	1	221767	1.2071009579430987	0.5043765715616726	2.3932534261169596
cur_sna_20m_20200303	KP0659_LM_SB20	305	0.0016087757947412019	0.0014514557384520616	1.1083877738200394	136276	0.8170883525634925	0.3721665068600748	2.195491366101617
cur_sna_20m_20200303	KP0660_AC_SB20	258	0.0009169708346500054	0.0007238455643018523	1.2668045227774822	153818	0.847375555661792	0.3796056426376338	2.2322522652032464
cur_sna_20m_20200303	KP0661_AC_SB20	182	0.0008627341129304713	0.0005178427616426372	1.6660155878085696	190072	1.069156763262646	0.4630421972625479	2.3089834351671996
cur_sna_20m_20200303	KP0662_AC_SB20	10679	0.035776205740205985	0.03199889869748034	1.118044907683747	211559	1.091803655531942	0.49804914366213116	2.192160491440589
cur_sna_20m_20200303	KP0663_AC_SB20	14090	0.08688993567050057	0.08073094654185614	1.0762903123581142	272342	1.5636901433083925	0.5162223432024231	3.029102021442788
cur_sna_20m_20200303	KP0664_LM_SB20	14663	0.09077982567119265	0.0741260203544049	1.2246688172002764	314305	1.8244678856973864	0.7705298607450829	2.3678094498935733
cur_sna_20m_20200303	KP0665_AC_SB20	5962	0.03789601651484186	0.03321848458539109	1.1408111172990676	227382	1.2921457566534855	0.43781234033670696	2.9513689716003415
cur_sna_20m_20200303	KP0666_LM_SB20	26362	0.16583603403424468	0.13424182934575865	1.2353529063367479	366210	2.123888876356707	0.9147921592189264	2.32171740318603
cur_sna_20m_20200303	KP0668_AC_SB20	3769	0.018573278263571146	0.013270556184639189	1.3995855188850272	239339	1.387309846670786	0.6022635348317538	2.3034930166548104
cur_sna_20m_20200303	KP0670_LM_SB20	645	0.004405799493439706	0.004331631092765999	1.0171225109168627	192634	1.1004233717211909	0.4975111341134102	2.2118567731799623
cur_sna_20m_20200303	KP0672_AC_SB20	1938	0.010286089100614825	0.009830529563834036	1.0463413017399152	218917	1.2377205427626603	0.4849071438692831	2.5524898084329193
cur_sna_20m_20200303	KP0674_AC_SB20	5907	0.033001901295727415	0.023787609744896427	1.387356764704276	278400	1.5805712982288855	0.5782342086012546	2.733444813049506
cur_sna_20m_20200303	KP0676_LM_SB20	37912	0.17907788271775907	0.15319801262238653	1.1689308474200844	411739	2.335384792335837	0.6661772602756548	3.5056507203045135
cur_sna_20m_20200303	KP0678_AC_SB20	1513	0.008382767992512597	0.005981920100038429	1.4013507122000417	232527	1.3027564415885928	0.38064504517487435	3.4224967804062336
cur_sna_20m_20200303	KP0679_AC_SB20	1213	0.005657390293184376	0.003361271472871586	1.6831101976869427	167766	0.9645574052294525	0.301365371266696	3.2006245481198925
cur_sna_20m_20200303	KP0680_LM_SB20	18368	0.09119619423927726	0.056209352569665263	1.6224380831686271	307743	1.7527847093928695	0.6441553908539233	2.72105882257586
cur_sna_20m_20200303	KP0681_AC_SB20	1265	0.0027268356026695995	0.0023170937728869048	1.1768343752752788	188497	1.0620121781113618	0.29416869370990245	3.6102148216991314
cur_sna_20m_20200303	KP0682_LM_SB20	8411	0.04117322455850149	0.03643264246162838	1.130119084880159	265944	1.4982529446385562	0.39360911453830694	3.8064488074570306
cur_sna_20m_20200303	KP0683_AC_SB20	2877	0.011618596450312841	0.01083324720798884	1.072494352546931	238938	1.3541209702147592	0.3759301963611956	3.6020542731654177
cur_sna_20m_20200303	KP0684_LM_SB20	1392	0.0066735452099852014	0.0050514446479583315	1.321116170733947	205698	1.1481300138701247	0.45977698365406067	2.497145474193605
cur_sna_20m_20200303	KP0685_AC_SB20	11142	0.06776877051662938	0.042867513824580795	1.5808887539862384	259148	1.5542237402527732	0.5972907740159326	2.6021224634072695
cur_sna_20m_20200303	KP0686_AC_SB20	416	0.0013830690010910775	0.0008508911315997393	1.6254359103388512	145125	0.80279623431554	0.3503507246129932	2.2914073752875215
cur_sna_20m_20200303	KP0687_AC_SB20	12278	0.0565442377525562	0.055112564429773477	1.0259772583184188	349663	2.039551942437179	0.740288021276171	2.7550789474091815
cur_sna_20m_20200303	KP0688_AC_SB20	10290	0.03595022245145793	0.02933552882098471	1.225484042603708	274557	1.4782501659760339	0.5453387378715956	2.710700823758645
cur_sna_20m_20200303	KP0689_AC_SB20	1402	0.00868829668064927	0.005180386807654601	1.6771521130065692	218379	1.2395805192769331	0.49618906400521345	2.4982020145125747
cur_sna_20m_20200303	KP0690_AC_SB20	21978	0.11891126863931187	0.07583045035264144	1.5681203010970879	308002	1.7676687687186412	0.6504337656732978	2.717676821234573
cur_sna_20m_20200303	KP0691_AC_SB20	274	0.0015239045715072623	0.0008520732762015063	1.7884665721482798	201558	1.1271990533981366	0.4784062878521042	2.356154344164059
cur_sna_20m_20200303	KP0692_AC_SB20	8845	0.020920206802211048	0.023328761851745417	1	290934	1.6928081383719917	0.6380890048685328	2.6529341917132165
cur_sna_20m_20200303	KP0693_AC_SB20	11370	0.06253817008659855	0.04982887760158495	1.2550587750868654	354878	2.0808907723823284	0.7209949072400141	2.8861379622611043
cur_sna_20m_20200303	KP0694_LM_SB20	38997	0.17524639400565095	0.14746647942493432	1.1883812151008704	383566	2.199021295692558	0.7983121011784478	2.7545884528700237
cur_sna_20m_20200303	KP0695_AC_SB20	1823	0.006777717621051974	0.0046569120644020835	1.4554102648537315	243195	1.3706947706680388	0.5363372662502389	2.555658271242546
cur_sna_20m_20200303	KP0696_AC_SB20	451	0.0022824525558699698	0.0022817258141441072	1.0003185052828687	143564	0.8988003150038715	0.4915218715573374	1.828606959352823
cur_sna_20m_20200303	KP0697_AC_SB20	2426	0.008309874385752444	0.006111724424898906	1.3596611705688773	273075	1.5359675589876505	0.6074944415862843	2.5283647945435437
cur_sna_20m_20200303	KP0698_AC_SB20	27666	0.13237739185941527	0.11337410419310955	1.167615769064314	323796	1.959212736748233	0.7337615711551428	2.6700945017655973
cur_sna_20m_20200303	KP0699_AC_SB20	753	0.0025519901500184365	0.002534723551440392	1.006812024359908	234094	1.3455771638831944	0.5347412774271916	2.516314376098268
cur_sna_20m_20200303	KP0700_LM_SB20	32404	0.1715858218286853	0.14729551830152207	1.164908639497365	360084	2.1996491394552242	0.8975010797294499	2.4508596024400378
cur_sna_20m_20200303	KP0702_AC_SB20	6097	0.030997652026605448	0.027215864918272097	1.138955242454718	188987	1.0695708304815912	0.36320196527701964	2.944837673622755
cur_sna_20m_20200303	KP0703_AC_SB20	5722	0.019292188074598354	0.011305329531406817	1.7064684422513834	260281	1.4387968954327297	0.5930872407416489	2.425944779445146
cur_sna_20m_20200303	KP0704_AC_SB20	16514	0.09008696929827721	0.05373106898199536	1.6766271545512017	379391	2.149012576212299	0.7387849117579608	2.9088474087791796
cur_sna_20m_20200303	KP0706_LM_SB20	12782	0.06820028434869026	0.05131431288940346	1.329069425438488	263894	1.5538224182277216	0.5958279436983991	2.607837438074653
cur_sna_20m_20200303	KP0707_LM_SB20	26279	0.09264891360041935	0.0789036933811021	1.1742024945895537	367227	2.1200897921397273	0.7308653179392874	2.9007940862721875
cur_sna_20m_20200303	KP0708_AC_SB20	2573	0.013862456912307355	0.014306449091581727	1	266565	1.5394472955577927	0.6009845381423207	2.5615422658232054
cur_sna_20m_20200303	KP0709_AC_SB20	2633	0.015016896053467578	0.011729095284900836	1.2803115405498677	238640	1.405060698329557	0.4637612099319824	3.0297072463987025
cur_sna_20m_20200303	KP0710_AC_SB20	10167	0.054580671824652885	0.03547230386855834	1.5386841527660589	277309	1.6420462313484159	0.5781448272388188	2.840198777165783
cur_sna_20m_20200303	KP0711_AC_SB20	1076	0.007032005879844757	0.0039024249439120525	1.801958008395519	214049	1.2280026618771673	0.42935577428958693	2.860105151512224
cur_sna_20m_20200303	KP0712_AC_SB20	13110	0.08316993250122476	0.07396694551695789	1.124420265294813	347057	2.0665675868364652	0.6755016122009176	3.0593081489519767
cur_sna_20m_20200303	KP0714_AC_SB20	7752	0.037581017174241456	0.02113577704875175	1.7780759651068017	205657	1.1834898582695126	0.3796668982705465	3.1171794635258685
cur_sna_20m_20200303	KP0715_LM_SB20	8688	0.041311153471965255	0.02053102988646658	2.012132547680732	201211	1.2233434079817809	0.5023319467357091	2.435328702328017
cur_sna_20m_20200303	KP0716_LM_SB20	40848	0.21265963541221866	0.18338465559115055	1.1596370193934633	403240	2.3837269945507944	0.9548603451933987	2.496414273092461
cur_sna_20m_20200303	KP0717_AC_SB20	6868	0.03472626683388824	0.03142670598116143	1.104992258962957	290520	1.6211235289544317	0.45439250065692677	3.5676722802659206
cur_sna_20m_20200303	KP0718_LM_SB20	5642	0.033653359294647446	0.028949076345630226	1.1625020049984192	236087	1.4008258593069505	0.5051750176302388	2.7729515720674067
cur_sna_20m_20200303	KP0719_AC_SB20	17655	0.09247012724740636	0.06994915982366494	1.3219619432244019	315825	1.8442944856519672	0.5549616450967769	3.32328279250785
cur_sna_20m_20200303	KP0720_AC_SB20	3360	0.014784480109401922	0.008033758382341265	1.8402943436659973	195874	1.1002021191687659	0.5122513003246699	2.147778089526463
cur_sna_20m_20200303	KP0721_AC_SB20	2673	0.015664300122374467	0.010555087491599576	1.4840521345598636	199976	1.1433455365124694	0.4482246030010264	2.550831723331018
cur_sna_20m_20200303	KP0722_AC_SB20	377	0.0021102325025981958	0.0011327577151280374	1.8629160273339413	152179	0.8749578115206685	0.3789939014595722	2.3086329572878403
cur_sna_20m_20200303	KP0723_AC_SB20	19887	0.10975043621812294	0.0810763947527145	1.3536669526668663	373731	2.263708154699526	0.7282324418410302	3.1084967170326685
cur_sna_20m_20200303	KP0724_AC_SB20	5982	0.023467062915017396	0.012106699576476549	1.9383534518866032	238008	1.4225447778627158	0.583808627160418	2.436662823538288
cur_sna_20m_20200303	KP0725_LM_SB20	3833	0.015801672868085655	0.014589177521972752	1.0831092324626774	232430	1.323383471205108	0.5420704227923423	2.4413497131756867
cur_sna_20m_20200303	KP0726_AC_SB20	12094	0.06034319729125824	0.052515034937013545	1.149065165121451	318878	1.958013659976446	0.7331558462791392	2.6706650024188154
cur_sna_20m_20200303	KP0727_AC_SB20	505	0.0022370330349804073	0.0019695735639865763	1.135795623928091	175564	1.0097396818438722	0.4913937130830024	2.0548485968792094
cur_sna_20m_20200303	KP0728_AC_SB20	7527	0.0340598250336566	0.01968087014431176	1.7306056482213363	223249	1.3493736554412965	0.546194377108469	2.4705008180143238
cur_sna_20m_20200303	KP0729_LM_SB20	43750	0.2158205387188832	0.15143751781502743	1.4251457751869394	445715	2.5921272348446873	0.8644280929274067	2.9986614919771815
cur_sna_20m_20200303	KP0730_AC_SB20	341	0.002132569869162161	0.0010723546444639694	1.9886796594499334	175643	1.0901924893845147	0.48460348058857616	2.2496588098385493
cur_sna_20m_20200303	KP0731_LM_SB20	16211	0.06459942744128391	0.0531105392953816	1.216320306634532	277280	1.631460219382301	0.6489774616139532	2.5138934953534355
cur_sna_20m_20200303	KP0732_LM_SB20	894	0.0059324536893111115	0.004619312105450507	1.2842721067301726	169802	1.034062163133521	0.49963172853055304	2.069648711411423
cur_sna_20m_20200303	KP0733_LM_SB20	14307	0.07775261428697516	0.06869159776848703	1.1319086585964515	266365	1.6067736868892148	0.7849066054299436	2.047089011321394
cur_sna_20m_20200303	KP0734_AC_SB20	4254	0.02547363899211124	0.014265798267443258	1.7856441339315723	197217	1.1484381611924261	0.467288194588018	2.457665685744405
cur_sna_20m_20200303	KP0736_AC_SB20	8622	0.05147043961056548	0.04680467073747419	1.0996859672245411	283895	1.6202662239582546	0.4501764147869407	3.599180611727723
cur_kal_20m_20200214	KP0287_LM_WP20	6988	0.058201435110915724	0.055647991383243854	1.045885640509223	177137	1.588600576078972	0.7559107382147832	2.1015716483016673
cur_kal_20m_20200214	KP0288_LM_WP20	15108	0.13965177974874327	0.0720709643657313	1.9376982253222863	227838	2.0369035866879397	0.9590740377621995	2.1238230902805295
cur_kal_20m_20200214	KP0289_AC_WP20	2665	0.024584111548162122	0.014160695735100592	1.736080769479755	164457	1.496021999385733	0.6833391896158577	2.189281724390385
cur_kal_20m_20200214	KP0290_LM_WP20	3616	0.03820095337358012	0.030078123247038673	1.270057744621456	141679	1.2973501846977855	0.7333748060087708	1.7690138440374372
cur_kal_20m_20200214	KP0291_AC_WP20	465	0.0009581009631095336	0.0008533864329201446	1.1227047046331324	128499	1.167004477709917	0.518032112241713	2.2527647420540498
cur_kal_20m_20200214	KP0292_AC_WP20	875	0.00827942387816287	0.003986508212909931	2.0768611115237983	60094	0.5385033332171283	0.3408261841955392	1.579994020964591
cur_kal_20m_20200214	KP0293_LM_WP20	21260	0.15075137098387387	0.1156464130119501	1.3035542310187889	244269	2.032105771221539	1.0840924410513553	1.8744764692306113
cur_kal_20m_20200214	KP0294_AC_WP20	1632	0.014266807898463841	0.014582940621562438	1	192352	1.5391469741427604	0.6311722787279113	2.4385528737808575
cur_kal_20m_20200214	KP0295_AC_WP20	10048	0.07288525492286538	0.049291958331847706	1.4786439287354092	171334	1.3423375094602625	0.6863922998530437	1.9556418534235545
cur_kal_20m_20200214	KP0296_AC_WP20	345	0.001944016085835193	0.0012410024494895757	1.5664885163077371	98631	0.7478774757318493	0.4326136077459207	1.728742375045879
cur_kal_20m_20200214	KP0297_AC_WP20	340	0.002266317036428069	0.0017335808814302744	1.3073038937521424	106365	0.8113747842766678	0.42749175925200233	1.8979892985454487
cur_kal_20m_20200214	KP0298_AC_WP20	831	0.004765793077750743	0.004114996752193055	1.1581523303052064	199266	1.4949054484898978	0.6016324551037662	2.4847486797102145
cur_kal_20m_20200214	KP0299_AC_WP20	741	0.004645128725923373	0.0030100352914458005	1.5432140410859412	129122	0.9642417490228112	0.4762364625290246	2.024712143841873
cur_kal_20m_20200214	KP0300_AC_WP20	1072	0.005694500062125438	0.0037597774096067922	1.5145843601206659	156725	1.1754182211220128	0.47657987493050585	2.466361428487534
cur_kal_20m_20200214	KP0301_AC_WP20	339	0.001613781171778102	0.0011213486187113628	1.4391431396532466	165431	1.2538641866088318	0.5322420680265292	2.3558156371554118
cur_kal_20m_20200214	KP0302_AC_WP20	307	0.0017782719511279278	0.0015909850319494089	1.117717587166134	180919	1.369731268200002	0.5393426547603515	2.5396308934783227
cur_kal_20m_20200214	KP0303_AC_WP20	1517	0.004675325491885436	0.0030387698914177493	1.538558580921093	182611	1.3921621397608543	0.55364908150239	2.514520815212162
cur_kal_20m_20200214	KP0304_AC_WP20	8854	0.04122305800650004	0.021690738148543935	1.9004912476557316	226438	1.721581975773585	0.7237981468238956	2.3785388002553924
cur_kal_20m_20200214	KP0305_AC_WP20	3173	0.01858205190643457	0.010894458297577547	1.7056425752317035	143276	1.1099454891066296	0.5923894484524239	1.8736753195153708
cur_kal_20m_20200214	KP0306_LM_WP20	2433	0.0218679986115949	0.020865568372507456	1.0480423164704322	121944	0.9881933167930351	0.6585155781425678	1.500637721556061
cur_kal_20m_20200214	KP0309_AC_WP20	1760	0.009249161715306535	0.00771506599096945	1.1988441480776388	121790	0.9960745867345949	0.4121490079350817	2.416782686740055
cur_kal_20m_20200214	KP0310_AC_WP20	9026	0.04222482231865306	0.030643512379259864	1.377936765082832	128692	1.075947657489476	0.46529688205098707	2.3123895710342928
cur_kal_20m_20200214	KP0311_AC_WP20	419	0.0027618084876493585	0.0017915142244128285	1.5416056707864239	115741	0.9663560319907012	0.3753719939265111	2.5743956598421422
cur_kal_20m_20200214	KP0312_AC_WP20	297	0.002476575956475705	0.0010300604128581318	2.4043016560590793	110139	0.9184955371217716	0.34915912034164254	2.6305929978946248
cur_kal_20m_20200214	KP0313_AC_WP20	1243	0.004888525583524637	0.00380272060448811	1.2855337249218415	133610	1.1247625230592222	0.5331361887973375	2.109709576452671
cur_kal_20m_20200214	KP0315_AC_WP20	1251	0.006864262844943675	0.0035846183103006783	1.914921548332966	120964	0.9425484920789523	0.3982819106538551	2.366536031052931
cur_kal_20m_20200214	KP0316_AC_WP20	81	0.0002501055641274154	0.00019561493648623878	1.2785606693434166	111761	0.8843797055361406	0.37361151506944534	2.36711040710765
cur_kal_20m_20200214	KP0317_AC_WP20	232	0.0010559506022525152	0.0006011712122333948	1.756488968142007	149911	1.1839973146708005	0.4834160522653952	2.449230448849031
cur_kal_20m_20200214	KP0318_LM_WP20	586	0.005122036259963805	0.0043506804618932545	1.1772954379956657	124012	1.0348858547270878	0.5683445551455275	1.8208775739253806
cur_kal_20m_20200214	KP0319_LM_WP20	2805	0.01939510833014133	0.01895966294038252	1.0229669372882861	134306	1.092088787699333	0.6727852285743517	1.6232353822831334
cur_kal_20m_20200214	KP0320_LM_WP20	6368	0.03653151189883498	0.034452725277459524	1.0603373638698907	198576	1.6519171119343585	0.9008696770939449	1.8336915471094188
cur_kal_20m_20200214	KP0321_LM_WP20	828	0.006554014127712573	0.006657830139484223	1	126800	1.0423199688935618	0.49641388519552826	2.0996994644559774
cur_kal_20m_20200214	KP0322_LM_WP20	34379	0.24624650649576946	0.2011862253944286	1.2239729932454346	338298	2.934794380187332	1.4007560721185217	2.0951502110918647
cur_kal_20m_20200214	KP0323_AC_WP20	34	0.00020704187692098853	0.00012294173537353512	1.6840650271604765	66739	0.5435573276644626	0.2146793683356354	2.531949538880004
cur_kal_20m_20200214	KP0324_AC_WP20	3388	0.02323591359477722	0.011749732474977433	1.9775695867340886	97759	0.7961182857888407	0.3266831896211844	2.436973529957278
cur_kal_20m_20200214	KP0325_AC_WP20	1301	0.006862254318288263	0.0056319061581661155	1.2184603446096443	151250	1.2095629244733899	0.5203285701428699	2.3246137034936836
cur_kal_20m_20200214	KP0326_AC_WP20	2332	0.017395516606203275	0.008104865040762391	2.1463055237458897	146656	1.14992775384493	0.5613876134228883	2.0483668081552406
cur_kal_20m_20200214	KP0327_AC_WP20	4048	0.028694775032071518	0.014950451146974296	1.9193250257119383	173828	1.381402174866097	0.5672018537705203	2.43546837106246
cur_kal_20m_20200214	KP0328_LM_WP20	2213	0.014740076169261096	0.011253885341436367	1.3097766435373843	178444	1.3329714043674832	0.5806921373939874	2.295487261717632
cur_kal_20m_20200214	KP0329_AC_WP20	4747	0.02609140947298628	0.021687403453936962	1.2030674639499017	204838	1.5242904833558895	0.6698661538128158	2.275515003526854
cur_kal_20m_20200214	KP0330_LM_WP20	8969	0.05731462505817997	0.04282147718580878	1.3384551123606327	227237	1.7656006221680203	0.8264626980613478	2.13633431528081
cur_kal_20m_20200214	KP0331_AC_WP20	3293	0.019450377591488408	0.01504429124902647	1.2928743049126399	159686	1.3148117961936823	0.6538173520773931	2.010977212544286
cur_kal_20m_20200214	KP0332_AC_WP20	3313	0.02150234379892078	0.012281381214968915	1.750808270059485	152500	1.2505725185108474	0.6271588955487073	1.99402819187745
cur_kal_20m_20200214	KP0333_AC_WP20	237	0.000985844386311142	0.0007911428697383561	1.2461015879940582	112236	0.9206769993094948	0.49408300738425914	1.8634055119274
cur_kal_20m_20200214	KP0334_AC_WP20	2275	0.016488497435019647	0.009577497065855985	1.7215873125977297	121540	1.0017789574338416	0.5732654623090275	1.7474957472561243
cur_kal_20m_20200214	KP0335_AC_WP20	526	0.004383427862495185	0.0017819497203977962	2.4599054688909203	88626	0.7331968391700667	0.4388373063445962	1.67077144210325
cur_kal_20m_20200214	KP0336_AC_WP20	1050	0.005839678511461435	0.004638108251688559	1.2590647295339494	100080	0.8250238012946096	0.4542451592872648	1.8162522691251495
cur_kal_20m_20200214	KP0337_AC_WP20	1083	0.007351753984967241	0.004546421235644462	1.6170419773972216	102947	0.858488324635119	0.45136065224005606	1.9020008066155758
cur_kal_20m_20200214	KP0338_AC_WP20	5546	0.03432037948455812	0.022808139631313507	1.5047426067770715	139640	1.1634006617051749	0.6300161549943671	1.8466203643866508
cur_kal_20m_20200214	KP0339_AC_WP20	289	0.00288908898653908	0.0017412635967615818	1.6591910563755163	112935	0.9639450542774638	0.4701530636107245	2.0502792151867957
cur_kal_20m_20200214	KP0340_AC_WP20	6282	0.048484312239756286	0.04167249252630356	1.1634608179281123	193945	1.6513346390363084	0.8191939263362105	2.0158042997484014
cur_kal_20m_20200214	KP0341_LM_WP20	4534	0.027550433864509755	0.027034789237924205	1.0190733732764674	144123	1.2914250832865153	0.7485725440311194	1.725183609235912
cur_kal_20m_20200214	KP0342_LM_WP20	20737	0.08055470098238289	0.0655803769443811	1.2283354371491575	292740	2.5429052758405146	1.2005625818641918	2.118094728466366
cur_kal_20m_20200214	KP0343_LM_WP20	4561	0.02378983257978903	0.022539022109453972	1.0554953300219003	170014	1.4952312970038797	0.7611706278252498	1.9643838613109965
cur_kal_20m_20200214	KP0344_LM_WP20	40657	0.2833803380951424	0.20309622400279703	1.395300870247788	270313	2.4084312438898	1.2763666382169112	1.88694311789157
cur_kal_20m_20200214	KP0345_LM_WP20	20164	0.15936630611682276	0.09580403193001134	1.6634613690710447	268507	2.31191645695107	1.070693911079303	2.159269267367519
cur_kal_20m_20200214	KP0346_AC_WP20	2065	0.012079569120365587	0.006802398280476237	1.7757809264176008	132140	1.1465976941845146	0.6266606055172127	1.8296948684657992
cur_kal_20m_20200214	KP0347_AC_WP20	4652	0.04041513155986965	0.03912419401451848	1.0329958885510107	143687	1.2882396936894132	0.761319681185622	1.6921140035197904
cur_kal_20m_20200214	KP0348_LM_WP20	25074	0.20977805682255699	0.16189713923061946	1.2957490034689991	239901	2.1770743285125347	1.1900119142448655	1.8294559091822369
cur_kal_20m_20200214	KP0349_LM_WP20	40998	0.3291992508424959	0.21603357191698971	1.5238337630643342	282626	2.5810550957369123	1.3011097788830626	1.983733530888238
cur_kal_20m_20200214	KP0350_LM_WP20	76024	0.5450344057091085	0.401944089558353	1.3559955721901022	398735	3.5816733159732346	1.8429722072037173	1.9434223163937956
cur_kal_20m_20200214	KP0351_AC_WP20	1934	0.016446948892909603	0.0073878764515242865	2.226207896250921	147647	1.28503584241659	0.5691722359449922	2.257727558131951
cur_kal_20m_20200214	KP0352_AC_WP20	8840	0.060122464244753884	0.025856728257578933	2.3252154582678584	122809	1.0698744206645925	0.4452100385917042	2.4030779360879575
cur_kal_20m_20200214	KP0353_AC_WP20	7957	0.06453453676041496	0.02643162637242594	2.441565110338379	199640	1.7264507727664071	0.7727628913389764	2.234127430439838
cur_kal_20m_20200214	KP0354_AC_WP20	287	0.00206599419873124	0.0015184175733282403	1.360623213944211	144818	1.263078329951821	0.5176962984285912	2.439805603759874
cur_kal_20m_20200214	KP0355_AC_WP20	2775	0.0201722716487612	0.011926671693533288	1.6913580055782642	139274	1.132679130834557	0.48875124268474013	2.3174961655599726
cur_kal_20m_20200214	KP0356_AC_WP20	6267	0.043149624557551114	0.023122222773326297	1.8661538287455801	158584	1.3021332140812178	0.5819884875464507	2.2373865496390763
cur_kal_20m_20200214	KP0357_AC_WP20	2192	0.015504675422512996	0.011017394333763166	1.4072905945644887	138824	1.134570768749951	0.4963721443603258	2.285726106190087
cur_kal_20m_20200214	KP0358_AC_WP20	36215	0.27185898550096776	0.1618171979928451	1.680037652814803	303510	2.516618443227392	1.0390883874130954	2.4219483864050693
cur_kal_20m_20200214	KP0359_AC_WP20	889	0.0058129350902880895	0.0034760352735804553	1.6722888672819864	139101	1.1283950083490883	0.41832841711324065	2.69739028521133
cur_kal_20m_20200214	KP0360_AC_WP20	830	0.006350293686001084	0.00325918282315664	1.9484312573329619	136906	1.1267282628653927	0.40328095152169147	2.793903998227372
cur_kal_20m_20200214	KP0361_AC_WP20	811	0.006831796939610107	0.003529077157939262	1.935859329184915	138760	1.1496396244753528	0.42743330094241244	2.689635135916194
cur_kal_20m_20200214	KP0362_AC_WP20	701	0.005300932040743992	0.0032474822922471773	1.632320537481939	162670	1.348201253436056	0.4899253387164473	2.7518504288188095
cur_kal_20m_20200214	KP0363_AC_WP20	3410	0.019347533899790083	0.011824344957922898	1.6362457259694776	205057	1.692698792489149	0.6368472656127944	2.657935244269882
cur_kal_20m_20200214	KP0364_AC_WP20	10124	0.06138285404997195	0.028389128306540903	2.1621958021102476	123984	1.0258015768657067	0.4732481306468057	2.1675766060897184
cur_kal_20m_20200214	KP0365_AC_WP20	711	0.0051012090918325795	0.002908848593425361	1.753686700422441	139644	1.1353277373862898	0.43178208769777304	2.6293998054429837
cur_kal_20m_20200214	KP0366_AC_WP20	82	0.0004566675519985873	0.0003001888729077053	1.521267419325673	131120	1.0807805196692026	0.4116049202199216	2.6257716236524544
cur_kal_20m_20200214	KP0367_AC_WP20	1113	0.008003236764187273	0.0035314096011580176	2.2663009019296023	86191	0.7110036796216167	0.3494538571639471	2.0346139126690126
cur_kal_20m_20200214	KP0368_AC_WP20	730	0.005735935069838283	0.0025459790298508404	2.252938850864899	120469	0.9906576539994996	0.4733941398881723	2.092669871734192
cur_kal_20m_20200214	KP0369_AC_WP20	5127	0.04003662581695136	0.032328036061845755	1.238449058283607	206026	1.732008238617132	0.7331988245097719	2.3622627051743836
cur_kal_20m_20200214	KP0370_AC_WP20	8855	0.0723898747009953	0.03991533954487814	1.8135853415353003	189283	1.636067113052962	0.7164502117973244	2.283574051780428
cur_kal_20m_20200214	KP0371_AC_WP20	316	0.0024307879658372507	0.002131835678854162	1.1402323312009546	152925	1.2966464524263204	0.5102149330954647	2.541372994631086
cur_kal_20m_20200214	KP0372_AC_WP20	17070	0.13778387166625383	0.0620401150264124	2.2208835623143988	236671	1.9647233020146864	0.7674065573002378	2.560211772136336
cur_kal_20m_20200214	KP0373_AC_WP20	667	0.005393521787561839	0.0042921736125548626	1.256594507683815	168409	1.410992021957233	0.5362304778725566	2.631316346573976
cur_kal_20m_20200214	KP0374_AC_WP20	10913	0.029091620130489184	0.027378395309548487	1.062575793853893	185909	1.538757710285995	0.7055664674386424	2.1808827109825892
cur_kal_20m_20200214	KP0375_LM_WP20	7151	0.04897106139997512	0.04109650156680647	1.1916114397321087	185769	1.5103484188117953	0.6929952816684551	2.179449786693325
cur_kal_20m_20200214	KP0376_LM_WP20	7580	0.054074736726317366	0.05248763765799699	1.0302375785830127	192451	1.5715339083104158	0.759631687903126	2.068810363412367
cur_kal_20m_20200214	KP0377_LM_WP20	20198	0.15929247432663796	0.08799661327372628	1.8102114206501962	223395	1.8388345580960601	0.8511150875666863	2.1605004833755626
cur_kal_20m_20200214	KP0378_AC_WP20	230	0.001846543109213445	0.00147489525356367	1.251982542320746	86973	0.6905037170767826	0.41542607712700363	1.6621578545385405
cur_kal_20m_20200214	KP0379_AC_WP20	13	5.0084047931412816e-05	2.2960304509318155e-05	2.181332042486058	121592	1.0009453648817026	0.48705329515465356	2.0551043896825982
cur_kal_20m_20200214	KP0380_LM_WP20	3559	0.02307986426656798	0.022317871431267167	1.0341427200012125	161047	1.2823785083748103	0.6573906706789677	1.9507099287708802
cur_kal_20m_20200214	KP0381_AC_WP20	4911	0.019152623196288427	0.020875417016935596	1	173671	1.3916530629066552	0.6653507172028946	2.0916082705330266
cur_kal_20m_20200214	KP0382_AC_WP20	474	0.0012466110627386276	0.001211383096539946	1.0290807807202382	61834	0.5448400640327103	0.271275534660862	2.0084378958605607
cur_kal_20m_20200214	KP0383_AC_WP20	2066	0.0029966031385515518	0.0037630956896229513	1	148134	1.1749142042281115	0.5837635591702052	2.0126542429236274
cur_kal_20m_20200214	KP0384_AC_WP20	13873	0.08084796345755237	0.07713762721746335	1.0481002122301348	214868	1.7276322709585679	1.030536769546212	1.6764392324587467
cur_kal_20m_20200214	KP0385_AC_WP20	6401	0.015002111074520099	0.01639492400817703	1	200559	1.6845790221976635	0.7549676640062308	2.2313260587327095
cur_kal_20m_20200214	KP0386_AC_WP20	146	0.0009337794369324548	0.0007757844013165708	1.2036584331262052	90989	0.7754754943283654	0.396228292214394	1.9571431661138565
cur_kal_20m_20200214	KP0387_AC_WP20	18	9.429345496858658e-05	3.467770015711933e-05	2.719138078400743	69697	0.5924520364748085	0.33558053207351624	1.765454130530489
cur_kal_20m_20200214	KP0388_AC_WP20	211	0.0014701365471172212	0.0015945041267139992	1	87333	0.7377906965701662	0.3832858330629549	1.9249099051594314
cur_kal_20m_20200214	KP0389_AC_WP20	288	0.001846279778147644	0.0017240005564418048	1.0709275999064718	64266	0.5439508347407035	0.27527906369829436	1.9759978380952108
cur_kal_20m_20200214	KP0390_AC_WP20	42	0.0002480462409142544	0.00013655666985803853	1.8164344603022182	58089	0.4888570389649994	0.24767833343612747	1.9737577856848276
cur_kal_20m_20200214	KP0391_LM_WP20	17738	0.14400761874293752	0.10053265529678623	1.4324461869410214	228210	1.9513075064971759	0.981601791056779	1.9878809556739143
cur_kal_20m_20200214	KP0392_AC_WP20	1806	0.01067035754651565	0.0065830110486007395	1.6208931547796357	102739	0.8860674962657502	0.5672283247603366	1.5621002294624982
cur_kal_20m_20200214	KP0393_AC_WP20	170	0.0015554789949171392	0.0010305114503772438	1.5094242711691543	80425	0.6958833269959757	0.4152787230175417	1.6757018561882377
cur_kal_20m_20200214	KP0394_AC_WP20	1523	0.008565896446293929	0.005397449805348937	1.587026606121473	88067	0.7618792415624343	0.48840780781507387	1.5599243692903964
cur_kal_20m_20200214	KP0395_AC_WP20	123	0.0009322437034317824	0.0006059008765721165	1.5386076163248847	66257	0.5680083427476121	0.38607758585808766	1.4712284876242405
cur_kal_20m_20200214	KP0396_AC_WP20	173	0.001179010244775747	0.0007606344479199412	1.5500353001365	79353	0.6777692130737747	0.420651283235107	1.6112377165742806
cur_kal_20m_20200214	KP0397_AC_WP20	246	0.00229862651498453	0.0009985127252037068	2.302050296370121	76331	0.6572331038550971	0.41579669078725184	1.5806597753597313
cur_kal_20m_20200214	KP0399_LM_WP20	2590	0.022072876767437122	0.018764212743305028	1.1763284220550425	116945	1.021450994882435	0.5936222457921972	1.720708753964054
cur_kal_20m_20200214	KP0400_LM_WP20	114394	0.6694118190581303	0.4384898418502051	1.5266301637309347	575588	4.622255713271477	1.993454765107741	2.3187161274871753
cur_kal_20m_20200214	KP0401_AC_WP20	1602	0.008578491532302196	0.006646240562254971	1.290728412844515	148137	1.1040244364079528	0.4862167678449993	2.2706424570694854
cur_kal_20m_20200214	KP0402_AC_WP20	875	0.0014725917306712035	0.0016237684471763262	1	146804	1.095686518315075	0.5554927399275594	1.972458755190862
cur_kal_20m_20200214	KP0403_LM_WP20	226	0.0005704986657809459	0.0004876719078833181	1.1698411504921977	134810	1.0066051077726559	0.516443028094649	1.9491116212496808
cur_kal_20m_20200214	KP0404_AC_WP20	726	0.0036308787000934937	0.0026442213582176695	1.3731371954959466	131236	1.0149845448717492	0.5701204434859416	1.7802984552978538
cur_kal_20m_20200214	KP0405_AC_WP20	667	0.004677768771812744	0.0027134780683158283	1.7239014482678645	111423	0.9299453931479829	0.5081745419450362	1.8299724137864528
cur_kal_20m_20200214	KP0450_AC_WP20	5812	0.03849053564552955	0.03144063475798938	1.2242289617180429	164789	1.4683644284052586	0.7249270007820323	2.0255341942309024
cur_kal_20m_20200214	KP0451_LM_WP20	2965	0.020996274930978255	0.020945281035048786	1.0024346245745825	137992	1.1404108028054094	0.6977492695547525	1.634413467079841
cur_kal_20m_20200214	KP0454_AC_WP20	19917	0.040175098824211414	0.026616399144036254	1.509411495026109	267345	2.211449456652975	0.9185763813583732	2.407474763701986
cur_kal_20m_20200214	KP0455_AC_WP20	31112	0.12879525552834545	0.06307021222415511	2.0420932637835403	275050	2.1271004890436327	0.8975660695576227	2.3698539429994296
cur_kal_20m_20200214	KP0456_AC_WP20	5258	0.03740936571030655	0.03236626755537406	1.1558133988203758	251249	1.974186592650318	0.7051449452398835	2.7996890653151016
cur_kal_20m_20200214	KP0457_AC_WP20	900	0.0033649354495920544	0.003113260690395774	1.080839603304883	140470	1.1434723122250097	0.5547859531522296	2.0611053789807263
cur_kal_20m_20200214	KP0458_LM_WP20	9049	0.0701183926446256	0.058661867259249476	1.1952976596320284	203050	1.7017949015110871	0.8627610736789963	1.9724984742928566
cur_kal_20m_20200214	KP0459_LM_WP20	10992	0.06278926746452172	0.06455491952759439	1	186236	1.6113856402176057	0.8856831405200503	1.819370344197183
cur_kal_20m_20200214	KP0460_LM_WP20	16106	0.10309381708175985	0.07929604640010911	1.3001129534450282	229391	1.8869657742070873	0.9662836211587927	1.9528073672036252
cur_kal_20m_20200214	KP0461_AC_WP20	374	0.001449390904181602	0.0011884712346943958	1.2195422673013194	78327	0.6502516867895027	0.3473461916500149	1.8720564739765295
cur_kal_20m_20200214	KP0462_AC_WP20	993	0.007839381612249232	0.004837745738681665	1.6204616851950435	83056	0.6847408458095252	0.36106800223994395	1.8964318121839217
cur_kal_20m_20200214	KP0463_AC_WP20	824	0.006124528481566748	0.003294000524443403	1.8592979679630222	109114	0.9143347672431307	0.421382481461714	2.169845229615236
cur_kal_20m_20200214	KP0464_AC_WP20	6459	0.047598686684349835	0.0410545005238651	1.1594024059964043	204435	1.7121348417766205	0.7022254389887543	2.438155536265098
cur_kal_20m_20200214	KP0465_AC_WP20	2253	0.01687652898696184	0.01535963561840529	1.0987584215044055	164349	1.3522196204836996	0.5467714582035045	2.4730984037217483
cur_kal_20m_20200214	KP0466_AC_WP20	3475	0.01924465343243727	0.01378822517727275	1.3957310085244619	152575	1.2707314911947298	0.5328012705284932	2.38500086520866
cur_kal_20m_20200214	KP0467_AC_WP20	6170	0.03666544327678585	0.011105983111295568	3.3014135632436274	87538	0.6777764948493027	0.3402364394703803	1.992074969701496
cur_kal_20m_20200214	KP0468_AC_WP20	1708	0.00932834920381848	0.006122990813846052	1.5234955412188569	69422	0.532477589823812	0.33441757425867935	1.59225360988932
cur_kal_20m_20200214	KP0470_AC_WP20	20228	0.16188692955978976	0.08513011051915188	1.9016412474099835	193265	1.6369907018450702	0.9122232728897725	1.7945066196999715
cur_kal_20m_20200214	KP0471_AC_WP20	11196	0.07479215421431876	0.051900272232367255	1.4410744105437492	229794	1.9067983403048026	0.8127376118406733	2.346142608050734
cur_kal_20m_20200214	KP0472_LM_WP20	10633	0.07172130704142644	0.06513640832613585	1.101093979304481	239629	2.0985279794493663	0.9096335597677214	2.3070036905687976
cur_kal_20m_20200214	KP0473_LM_WP20	90	0.00048283483301668305	0.00041929903683212593	1.151528600362597	58568	0.5163488425465365	0.4660614622030766	1.1078986022696469
cur_kal_20m_20200214	KP0474_AC_WP20	27	0.00015635287682091265	0.00013071371470295783	1.196147452286999	51339	0.4551849554684486	0.3153245782194655	1.4435441665813962
cur_kal_20m_20200214	KP0475_AC_WP20	1534	0.007659337582015672	0.0068873446923326245	1.112088609495975	134233	0.9992389076086061	0.4741923802114054	2.107243703838352
cur_kal_20m_20200214	KP0476_AC_WP20	2413	0.016303234262365754	0.009147621954766302	1.7822374320870433	121569	0.9077225168016044	0.3732919342558706	2.4316692473173336
cur_kal_20m_20200214	KP0477_AC_WP20	5444	0.025135516013021546	0.014723263747231386	1.7071972929744001	136387	1.028024269735954	0.4397886314100241	2.337541710525722
cur_kal_20m_20200214	KP0478_AC_WP20	589	0.004134761231266029	0.002363552627394034	1.7493840345856246	115737	0.8779433601332229	0.33572418992037956	2.615073284833709
cur_kal_20m_20200214	KP0479_AC_WP20	10053	0.052188708827951805	0.0353978434904907	1.4743471263149635	207788	1.6012655863352085	0.689261272409775	2.323161985783578
cur_kal_20m_20200214	KP0480_AC_WP20	1526	0.007242548148255722	0.005540259806859695	1.3072578544580764	181026	1.3950933703035426	0.6065571787923295	2.30001955146456
cur_kal_20m_20200214	KP0481_AC_WP20	1157	0.00821125525799488	0.004563963751804786	1.7991499723782423	189851	1.454005563998189	0.6506203765084814	2.2347986882935182
cur_kal_20m_20200214	KP0482_LM_WP20	14383	0.1245338351642789	0.10740716332094499	1.159455582977808	237182	1.996170087902466	0.9762196739121631	2.044796003652426
cur_kal_20m_20200214	KP0483_AC_WP20	955	0.006988512697442126	0.006630631506075095	1.0539739225500822	101988	0.7988044588316174	0.3765847308591162	2.1211812199854103
cur_kal_20m_20200214	KP0484_AC_WP20	2061	0.012056751753538684	0.01168386445733392	1.0319147228698553	115353	0.9110449662462351	0.6114912858898918	1.489873997011108
cur_kal_20m_20200214	KP0485_AC_WP20	2112	0.016617320774235937	0.009532124472967234	1.7432966618681982	111730	0.9058401414220191	0.41781714085970595	2.1680301089566374
cur_kal_20m_20200214	KP0486_AC_WP20	4607	0.033873764621672936	0.016871163432225347	2.0077906753585935	150569	1.2014158663357692	0.5873196530194122	2.0455911191789453
cur_kal_20m_20200214	KP0487_AC_WP20	1487	0.012079784172512192	0.006229925033650752	1.9389935042979813	123994	1.0240675334110607	0.413349199689327	2.477487640427874
cur_kal_20m_20200214	KP0488_AC_WP20	596	0.00455269963947483	0.0025770764996027712	1.7666140838956779	117895	0.9524405348805294	0.4116788051922726	2.3135525144067026
cur_kal_20m_20200214	KP0489_AC_WP20	393	0.0035548585428625025	0.00196375681987231	1.810233582330042	139082	1.1138829702604431	0.5052291436071414	2.2047084661580443
cur_kal_20m_20200214	KP0490_AC_WP20	718	0.005820311867831627	0.003183837591013387	1.8280806421344733	147842	1.2101275939898868	0.49834272343208047	2.428303930387008
cur_kal_20m_20200214	KP0491_AC_WP20	442	0.003033591017936076	0.0015443414482823304	1.9643266204569854	171645	1.368305011010808	0.5144260712578225	2.6598671557706384
cur_kal_20m_20200214	KP0492_AC_WP20	10240	0.06364899977614134	0.03344991434013727	1.902815030523637	218648	1.7894101396405886	0.7169124943556475	2.495995192898527
cur_kal_20m_20200214	KP0493_AC_WP20	384	0.0025717316575003314	0.0012336732016195375	2.0846133758309913	126707	1.0077167281062684	0.3922118393649969	2.5693174630775886
cur_kal_20m_20200214	KP0494_AC_WP20	7640	0.030122693184233856	0.02270991557442816	1.3264115001005394	241873	1.8352400739182642	0.7055304292336119	2.6012202987641633
cur_kal_20m_20200214	KP0495_AC_WP20	843	0.0050941016262358455	0.0032778559031681523	1.554095657869595	200899	1.5222999970585835	0.5561819811942159	2.737053785507309
cur_kal_20m_20200214	KP0499_AC_WP20	898	0.006670000484236704	0.0034853994059400135	1.9136976017352028	121297	1.016053577014722	0.39501711804435696	2.5721760668119407
cur_kal_20m_20200214	KP0500_AC_WP20	15	7.525630092792711e-05	3.4094465753596886e-05	2.207287876918492	104405	0.8652222776465883	0.3436728616879026	2.5175752120698927
cur_kal_20m_20200214	KP0501_AC_WP20	1421	0.00917819407311761	0.004768951026629906	1.9245729347746314	138925	1.141620080240261	0.41206895955323125	2.770458812228942
cur_kal_20m_20200214	KP0502_AC_WP20	1825	0.0070710481592014575	0.007001377390280603	1.009951008928268	153851	1.2602709931890788	0.4584805897227505	2.748799014482122
cur_kal_20m_20200214	KP0503_AC_WP20	1772	0.005106695023473137	0.005073291774442916	1.006584137186529	139241	1.1351864250543118	0.44400876785178667	2.5566756948215157
cur_kal_20m_20200214	KP0504_AC_WP20	1299	0.010269450306097477	0.005397611991426466	1.9025914279146794	116946	0.9608716264478606	0.38631656010483273	2.487264916075857
cur_kal_20m_20200214	KP0505_AC_WP20	12663	0.09796264985024944	0.056836890402724535	1.723575113911466	239016	1.950983793332259	0.8602092989277337	2.2680338328871765
cur_kal_20m_20200214	KP0506_AC_WP20	1936	0.010814292343833428	0.008271620509967942	1.30739706092674	129469	1.0330308128816306	0.5220162346792954	1.9789246851992657
cur_kal_20m_20200214	KP0507_AC_WP20	1624	0.01084025225314444	0.006850866334622065	1.5823184577928935	114222	0.9257947169325957	0.40842450485108517	2.26674625527219
cur_kal_20m_20200214	KP0508_AC_WP20	2019	0.015638545864101305	0.012925529731710595	1.2098959337608257	196080	1.6111841656967165	0.5831934947187155	2.7626922801562097
cur_kal_20m_20200214	KP0509_AC_WP20	317	0.0019554995439470153	0.0013018739490194284	1.5020651925786654	67010	0.5634466282289297	0.2852692989945978	1.9751393865892304
cur_kal_20m_20200214	KP0510_AC_WP20	474	0.00344957581601345	0.0020742316327888462	1.6630620040132285	88051	0.7433698556626409	0.3301254782733015	2.251779715854667
cur_kal_20m_20200214	KP0511_AC_WP20	331	0.001300723985705915	0.0011462519559447305	1.1347627185803753	70708	0.5915542092441474	0.2916631944707137	2.028210005440183
cur_kal_20m_20200214	KP0512_AC_WP20	586	0.004512209511785814	0.0023609645282495787	1.9111720899640836	85005	0.7043979467892466	0.3114193331434437	2.2618953668646897
cur_kal_20m_20200214	KP0513_AC_WP20	64	0.00041792542174170176	0.00023453291481606253	1.7819478433100477	117610	0.9664783501610513	0.3995915577180075	2.418665588633624
cur_kal_20m_20200214	KP0514_AC_WP20	1554	0.0071910653337343665	0.005585662689799531	1.2874148929305385	157732	1.289133219273922	0.5908962011025274	2.181657653016866
cur_kal_20m_20200214	KP0515_AC_WP20	2211	0.01644195884783917	0.015337497842296856	1.0720105076394206	184393	1.5390521881600208	0.6346043623675843	2.4252152670651665
cur_kal_20m_20200214	KP0516_AC_WP20	850	0.0059326069116971605	0.0029075278536594513	2.0404299495292215	139721	1.131981502344856	0.5287192587991897	2.1409878371288693
cur_kal_20m_20200214	KP0517_AC_WP20	377	0.0025867063191355364	0.0023092716778829667	1.120139455183943	148639	1.2103617340348647	0.5368737890350902	2.25446233128687
cur_kal_20m_20200214	KP0518_LM_WP20	707	0.005116051409526845	0.004505317855815182	1.135558371963338	159458	1.2465369909495208	0.5731813716365781	2.174768847407482
cur_kal_20m_20200214	KP0519_AC_WP20	179	0.0011573411019533174	0.0005389013494918938	2.147593623665116	91096	0.7106985737233698	0.3987871223783504	1.7821502597295318
cur_kal_20m_20200214	KP0520_AC_WP20	51	0.0003277391324365558	0.0001295630909617415	2.5295717322252944	115205	0.8730999328081495	0.3907142059332971	2.2346255128414896
cur_kal_20m_20200214	KP0521_AC_WP20	3478	0.02855802259154257	0.014181813110142903	2.0137074413368015	126155	0.9670199644457391	0.5552748879944173	1.7415157525644516
cur_kal_20m_20200214	KP0522_AC_WP20	6130	0.0183536774193625	0.012508264594152517	1.4673240465302158	145570	1.0900351889591924	0.4809864202977497	2.266249405304244
cur_kal_20m_20200214	KP0523_AC_WP20	2825	0.016661395346180434	0.013114301044899447	1.2704752841296534	173634	1.2868684211986836	0.5515329240526996	2.333257662557461
cur_kal_20m_20200214	KP0524_AC_WP20	1600	0.008891898466373274	0.006734013949101284	1.3204455074762622	170913	1.236549746503127	0.45497486414870225	2.71784189400621
cur_kal_20m_20200214	KP0525_AC_WP20	2149	0.012338002545172493	0.007827384976802748	1.5762611116915062	163804	1.1758124091969018	0.5268863268786699	2.231624449551649
cur_kal_20m_20200214	KP0526_AC_WP20	3600	0.010805346533915093	0.010877737328674524	1	148084	1.0762486987392577	0.48009315779308276	2.2417497130902966
cur_kal_20m_20200214	KP0527_LM_WP20	10649	0.06902128719481142	0.04827633674015431	1.429712605708177	230309	1.8434331195586178	0.8311642736469966	2.2178926332696793
cur_kal_20m_20200214	KP0528_AC_WP20	4113	0.03384108231026156	0.017352372553548014	1.9502279706034853	157893	1.27299542260818	0.610257635029417	2.085996716037508
cur_kal_20m_20200214	KP0529_LM_WP20	313	0.0024547201155726136	0.0019371138215811725	1.267204894325179	100213	0.813220982191629	0.4928738295705504	1.649957724272361
cur_kal_20m_20200214	KP0530_AC_WP20	359	0.002454312254450069	0.0013541234393136484	1.8124730605756758	110118	0.8971855795131336	0.47207364914073213	1.9005203555550911
cur_kal_20m_20200214	KP0531_AC_WP20	584	0.0027321622914884274	0.0019371907013395289	1.410373428697129	117684	0.883302492686941	0.4495391271879921	1.9649068106980465
cur_kal_20m_20200214	KP0532_AC_WP20	9846	0.0330441508240552	0.025441385921566834	1.298834541715884	168380	1.2508642149889668	0.6080558064796289	2.0571536389577645
cur_kal_20m_20200214	KP0533_AC_WP20	168	0.001082952490197604	0.0006443087797629439	1.6807973509161978	130465	1.0607422918290124	0.46931741330313226	2.260180981488276
cur_kal_20m_20200214	KP0534_AC_WP20	1557	0.009654306028625676	0.005792851894884145	1.666589480244041	165928	1.3587906953098146	0.5938064346621948	2.288272096752883
cur_kal_20m_20200214	KP0535_AC_WP20	3913	0.02868507700639059	0.017537123220165735	1.6356774509861431	196555	1.5766287683295275	0.5761896440750728	2.7363018140674975
cur_kal_20m_20200214	KP0536_AC_WP20	7339	0.02384267019660589	0.02004924480561824	1.1892054003911734	219493	1.6293485784089763	0.6416975211301711	2.5391224443867784
cur_kal_20m_20200214	KP0537_AC_WP20	375	0.0009603861084016502	0.000667883362344521	1.437954832458073	145379	1.045089553704281	0.4657620375654487	2.243827253863354
cur_kal_20m_20200214	KP0538_AC_WP20	4629	0.008852315855922277	0.007983168515933038	1.108872478171364	144552	1.1061037976162726	0.48865292822671264	2.2635775490597103
cur_kal_20m_20200214	KP0539_AC_WP20	1718	0.013325417531340169	0.008008915139719531	1.6638230395592404	92938	0.7287401387124646	0.3601738360933918	2.0233011553995963
cur_kal_20m_20200214	KP0540_AC_WP20	49	0.00019930679897036538	0.00019290999731494507	1.0331595134749647	79303	0.5970992513298853	0.30401641866328366	1.9640361989501902
cur_kal_20m_20200214	KP0541_AC_WP20	27	0.00013634177208741405	6.227361949188156e-05	2.1893985478905487	65065	0.4889910459114394	0.27883057254279353	1.7537210552346854
cur_kal_20m_20200214	KP0542_LM_WP20	33294	0.2096113059817536	0.1256895450498176	1.6676908640147692	332312	2.55009907351374	1.1695579711064832	2.180395616560305
cur_kal_20m_20200214	KP0543_AC_WP20_d	776	0.004586586761091523	0.004113298084775331	1.1150630629148879	149412	1.0792798360328888	0.5400560081566997	1.9984590852283062
cur_kal_20m_20200214	KP0544_AC_WP20	3252	0.020029766618879355	0.014901674871289409	1.3441285487626682	187894	1.3549143779523132	0.668179173824273	2.027771039611371
cur_kal_20m_20200214	KP0545_AC_WP20	5638	0.03866736513286832	0.02468846213272187	1.5662119788992017	209100	1.5241843070160077	0.7089079960777507	2.1500453027036253
cur_kal_20m_20200214	KP0547_LM_WP20	6590	0.022950177804431513	0.015383371628570655	1.4918821672231763	238756	1.776267462663238	0.7592162530727664	2.339606739811184
cur_kal_20m_20200214	KP0548_LM_WP20	22284	0.0473711129887298	0.049364198430404585	1	275778	2.1957560080695018	1.0881403294963934	2.017897828569343
cur_kal_20m_20200214	KP0549_AC_WP20	1696	0.011477594415062688	0.010932644656220314	1.0498461054921706	186406	1.404264673574641	0.5691599416647042	2.467258446663315
cur_kal_20m_20200214	KP0549_AC_WP20_2	597	0.004402515933692912	0.003351524121503574	1.3135862294548661	136108	1.122341525154209	0.5199995066519599	2.1583511345625213
cur_kal_20m_20200214	KP0550_LM_WP20	3190	0.020855597131922643	0.01526314442238016	1.3664023974864798	144632	1.184336547255849	0.7278414320006891	1.6271903400722145
cur_kal_20m_20200214	KP0551_LM_WP20	3615	0.013481199719896728	0.014014464734464792	1	143690	1.21629865376222	0.7134096135299828	1.7049092564703743
cur_kal_20m_20200214	KP0552_AC_WP20	3906	0.02931592909231033	0.013387947868919262	2.1897253693651297	183274	1.4991415622442994	0.8167955619662396	1.8353938635947964
cur_kal_20m_20200214	KP0553_AC_WP20	1938	0.0217541210970442	0.021413828096875375	1.0158912735560102	174482	1.4746205939112067	0.6989273953475462	2.109833730552144
cur_kal_20m_20200214	KP0554_AC_WP20	7310	0.06121236669848715	0.02986456447901948	2.049665473658261	177711	1.4590270562390006	0.6556995967438819	2.2251455750229794
cur_kal_20m_20200214	KP0555_AC_WP20	30666	0.23549888537470437	0.14829707022130123	1.5880211593072833	247560	2.003310966470377	0.9692989685047954	2.0667627136347932
cur_kal_20m_20200214	KP0556_AC_WP20	11024	0.036375903565881176	0.0334291320939613	1.0881498048958378	124866	1.0615648645182274	0.641197240926918	1.6555979919433588
cur_kal_20m_20200214	KP0557_AC_WP20	4151	0.017616001164492648	0.017212404529483794	1.0234480100858376	157420	1.253938807688284	0.5178312367815976	2.4215202147358097
cur_kal_20m_20200214	KP0558_LM_WP20	17638	0.1501529479849461	0.11134506535869258	1.3485370680886113	217806	1.920592588488431	1.0520546719624453	1.8255634803710938
cur_kal_20m_20200214	KP0559_AC_WP20	2728	0.019988739529764165	0.015607559272774574	1.280708865519544	127630	0.9885069582357171	0.4513065031952323	2.190322876442344
cur_kal_20m_20200214	KP0560_AC_WP20	2148	0.013334183931946013	0.013401044771495866	1	120760	0.9472374086082306	0.5116997400299873	1.8511586669024287
cur_kal_20m_20200214	KP0561_AC_WP20	699	0.005123066331636922	0.002275031603045586	2.2518660069507037	98936	0.8263443942709097	0.39885810721438125	2.0717753489883557
cur_kal_20m_20200214	KP0562_LM_WP20	29146	0.19249202370974508	0.12726636615571973	1.512512924854136	415869	3.4565224060860005	1.3197168793634597	2.6191393473372777
cur_kal_20m_20200214	KP0563_AC_WP20	129	0.0008861200568940849	0.0007908850914779287	1.120415679145235	92966	0.787677185067119	0.32830430670380506	2.399228913490186
cur_kal_20m_20200214	KP0564_LM_WP20	420	0.0016953861456183066	0.0012596813500737008	1.3458849299619413	108573	0.9100319425997854	0.39782887509563564	2.287495955091292
cur_kal_20m_20200214	KP0565_AC_WP20	37	0.0001813350199607994	0.00014146780790936223	1.281811195356755	98810	0.7987361712555119	0.40654451638283007	1.964695473849086
cur_kal_20m_20200214	KP0566_LM_WP20	32237	0.21887558486199765	0.1361361222653719	1.607770084969371	283369	2.2938128449817556	1.0966214291600904	2.091708938004797
cur_kal_20m_20200214	KP0567_LM_WP20	7794	0.05943456644777269	0.04774869627844806	1.2447369473959686	227225	1.8222001595886692	0.814218109272858	2.23797547467471
cur_kal_20m_20200214	KP0568_AC_WP20	645	0.00480348037500086	0.002629732283482286	1.8266043297153052	168649	1.3899585051655945	0.5650216804385283	2.4600091523688277
cur_kal_20m_20200214	KP0569_AC_WP20	2968	0.01662243216528762	0.010593032409416083	1.5691854346175738	217294	1.786490157238274	0.6279352984976554	2.8450226663678224
cur_kal_20m_20200214	KP0570_LM_WP20	7507	0.051119527088532755	0.046633746271836723	1.0961917318533148	292352	2.3955518966301974	0.819328458664636	2.923799205674527
cur_kal_20m_20200214	KP0571_AC_WP20	578	0.0034784026921177045	0.0032507676004544382	1.0700250278215657	81800	0.6462473357191284	0.31314467219391134	2.063734091950148
cur_kal_20m_20200214	KP0572_AC_WP20	1227	0.009155148006697502	0.005437228004332707	1.6837896073885692	157677	1.2996592453482219	0.561483231327362	2.314689331461941
cur_kal_20m_20200214	KP0573_LM_WP20	59	0.00014480709081942416	0.00010999316018535348	1.3165099591229532	141035	1.1560863226549094	0.47457178689321083	2.436062055486359
cur_kal_20m_20200214	KP0574_AC_WP20	888	0.008894390394119567	0.007809755373758825	1.1388820735672682	152042	1.3096474575721033	0.5984532647875485	2.1883871884917023
cur_kal_20m_20200214	KP0575_AC_WP20	5919	0.041378363150667855	0.022374147072321923	1.849382817450736	168262	1.3893416285383775	0.7059093331224543	1.968158746949685
cur_kal_20m_20200214	KP0577_AC_WP20	2819	0.021007371499087133	0.009691349985031279	2.1676414051225015	146638	1.2229297869357563	0.5148163698600056	2.375467950384539
cur_kal_20m_20200214	KP0578_AC_WP20	753	0.004929719622294246	0.002590584053390579	1.9029375309564598	140454	1.169748803484938	0.5092265821441062	2.2971086830536085
cur_kal_20m_20200214	KP0579_AC_WP20	1051	0.008160731774572738	0.00613619102293655	1.329934440448257	158631	1.3040504398018415	0.5874250397342841	2.2199435699773984
cur_kal_20m_20200214	KP0580_AC_WP20	2359	0.014526443108915219	0.015387233589276732	1	203344	1.7055345185639752	0.6771960474747805	2.5185240299670992
cur_kal_20m_20200214	KP0581_AC_WP20	533	0.0014279421171795022	0.0016601586067819104	1	117036	1.0202761170779249	0.5786368665635782	1.7632407750601236
cur_kal_20m_20200214	KP0582_AC_WP20	31	0.00019089236692837894	0.00015258552034678276	1.251051649557152	65162	0.5554065329265604	0.240137190721611	2.3128717849058145
cur_kal_20m_20200214	KP0583_LM_WP20	6161	0.05112016771554455	0.050609118650879	1.0100979641275905	231828	1.9695484412817463	0.6942412537102354	2.8369798405898288
cur_kal_20m_20200214	KP0584_AC_WP20	1400	0.006218990958698071	0.004044661830717108	1.5375799557500858	69689	0.6183910482321575	0.22709718302824267	2.723023861353895
cur_kal_20m_20200214	KP0585_LM_WP20	6478	0.0529320121300326	0.029634373086049635	1.7861694585653414	148695	1.2927289870877436	0.6164587868211064	2.0970241883548457
cur_kal_20m_20200214	KP0586_LM_WP20	6692	0.06950133157787323	0.06156159888490649	1.1289721650636562	168098	1.5402554822112982	0.8634031669500036	1.7839354095170796
cur_kal_20m_20200214	KP0588_LM_WP20	12238	0.08419218337916765	0.08931003935418078	1	162314	1.3769017046002021	0.6658761279413618	2.0678045762911847
cur_kal_20m_20200214	KP0589_AC_WP20	16092	0.12169754913104903	0.05261787828616648	2.3128554988323042	167909	1.4558440486492097	0.6315671638230418	2.305129417806657
cur_kal_20m_20200214	KP0590_AC_WP20	741	0.004576831658976988	0.0029062707238922073	1.57481256696124	87372	0.768441397697903	0.31122172293367206	2.469112343619003
cur_kal_20m_20200214	KP0591_AC_WP20	236	0.0018645214728803031	0.0014269871383695595	1.306614070124458	113233	0.9768131940116094	0.39420554904247107	2.477928574025144
