plot_name	sample_name	colony_points	colony_elevation	ground_elevation	colony_rugosity	overhang_prop	outcrop_prop	environment_rugosity	colony_range	environment_range
SB10	KP0051_AC_SB10	5484	50.77519135408738	52.94411199952227	2.4809526013092853	0.625487709232113	0.5120259509839568	1.861641296612005	0.097040024	0.1
SB10	KP0052_AC_SB10	3322	64.03401960700167	66.73548996710956	2.548120942987685	0.02465046363342422	0.5145347220740901	2.4640293381136686	0.08269655	0.1
SB10	KP0053_AC_SB10	474	117.149160959487	92.95332252206377	2.7778113446190567	0.0	0.5591533233327912	2.161755305052511	0.039859705	0.1
SB10	KP0054_AC_SB10	258	122.22407141627917	49.19085817759564	2.608242385721632	0.03233054719195033	0.48471447773190535	1.9693242307456447	0.033564081	0.1
SB10	KP0056_AC_SB10	178	104.37611056873804	72.63416002345599	1.7465955026097542	0.067516263710143	0.5650879193016243	2.042426709407432	0.021139549	0.1
SB10	KP0057_AC_SB10	2789	129.83494199667513	99.65905438747515	4.140853957776928	0.004517480555328101	0.49029992181352716	1.9882074434807864	0.066567893	0.1
SB10	KP0058_AC_SB10	3559	41.182582707815044	96.77251753468727	3.142815499504387	0.042352437487918844	0.5856178367242654	2.3358855129963088	0.071248696	0.1
SB10	KP0059_AC_SB10	194	80.46877886212842	25.30879314342829	2.649390254081204	0.0	0.5280800797933394	1.7298446818681117	0.024808335	0.1
SB10	KP0061_AC_SB10	5656	119.99302664424259	59.9926338693059	3.9589118016770852	0.0	0.6943167969588273	2.162699973245244	0.116094444	0.1
SB10	KP0062_AC_SB10	3336	35.72740729187488	38.732165985071596	3.6731234800491017	0.02635583606611023	0.5428451602215432	2.323978547885535	0.073328225	0.1
SB10	KP0064_AC_SB10	2783	77.62001452893591	39.99851574896679	4.831693560539813	0.006362724462191238	0.5235351953082018	2.1318493598051265	0.06355515	0.1
SB10	KP0065_AC_SB10	758	118.56443289232216	79.93542283747057	3.087020774906914	0.0	0.6729584294258559	1.8317862086885992	0.039422914	0.1
SB10	KP0069_AC_SB10	40251	48.64808591887671	129.25563794186985	3.0528658686463532	0.01050716088492026	0.5260353363942062	2.2894615754668455	0.214680307	0.1
SB10	KP0070_AC_SB10	2611	106.97115797844818	103.29923316199884	1.9750088035146474	0.8015188862428019	0.3523845360332517	1.661550529706809	0.087469375	0.1
SB10	KP0072_AC_SB10	1305	129.54043711947682	34.05565137721194	3.1943653239434457	0.07777352178083952	0.4708307939177276	1.834969160743474	0.038694466	0.1
SB10	KP0073_HU_SB10	160	39.38506195443305	42.53015592880388	2.2436693133288528	0.0	0.5527168849354848	1.8077566575373363	0.020375636	0.1
SB10	KP0074_AC_SB10	1021	63.00976775099301	59.08798827972213	2.757262144084362	0.0	0.5830505379321748	1.6198798374261794	0.046878399	0.1
SB10	KP0077_AC_SB10	540	117.34902490704827	92.4823515867307	2.140247564596679	0.1608099423096766	0.43681762202300656	1.7810554320578484	0.04150118	0.1
SB10	KP0078_AC_SB10	583	130.46478727538923	33.93203510064819	2.8880359823758743	0.8033951385926364	0.48707324472061525	1.9644511817358874	0.02975105	0.1
SB10	KP0084_AC_SB10	383	22.746517402167687	24.627369498292786	2.6699075081277526	0.5622085023844866	0.3700878443046111	2.1210977072370296	0.030651662	0.1
SB10	KP0086_LM_SB10	4793	39.23572630912148	36.26206560636026	3.2589094322596663	0.13100364670441045	0.5036026834178121	1.6156235790084323	0.095980105	0.1
SB10	KP0088_AC_SB10	5482	79.72057964579363	104.51501931447905	3.7504675687406954	0.04467011747991302	0.6005613850864985	1.4504275434430542	0.11317729	0.1
SB10	KP0089_AC_SB10	5867	3.128969004031748	119.33687744062888	2.75936748288788	0.0	0.7020759641532509	2.13766183093334	0.083358004	0.1
SB10	KP0090_AC_SB10	353	12.031800692369341	27.95323100496418	3.067268745377266	0.0	0.7270561344436167	1.4827191284658527	0.030657233	0.1
SB10	KP0095_AC_SB10	377	35.25435359911415	102.14443469114175	2.459168271885251	0.5010592103534202	0.4689577255647694	1.6366444526724861	0.03018057	0.1
SB10	KP0098_AC_SB10	634	35.0465103274661	11.912363915246978	2.407888999485305	0.23059858461659008	0.4733723327075736	2.3108157186853373	0.039705085	0.1
SB10	KP0099_AC_SB10	160	68.96490381468388	44.891689565769795	2.397866198366892	0.6576702495427837	0.40984638676739715	1.5742634533337851	0.017943288	0.1
SB10	KP0100_AC_SB10	629	107.82547883765393	8.918046257417375	3.061711162400768	0.0	0.5800156273857277	2.0493382480649758	0.028064383	0.1
SB10	KP0102_AC_SB10	15035	119.20536739900605	39.15311912186813	4.014903058597023	0.0	0.6860293679828449	2.263147328806487	0.149905733	0.1
SB10	KP0103_AC_SB10	1324	45.79249673854429	77.37756839076091	3.093722878406666	0.41530082382129374	0.5938074254281485	2.48839600088431	0.047936712	0.1
SB10	KP0104_AC_SB10	1773	112.79866368235722	34.470888877026354	4.370454520718518	0.0	0.6407187066941606	1.9732020954823006	0.060566152	0.1
SB10	KP0105_AC_SB10	949	70.79996039514974	41.69480131744992	2.652492177758512	0.018507382676047585	0.5950469248041386	1.90253483393276	0.038324767	0.1
SB10	KP0108_AC_SB10	1578	40.13401735865399	32.58757170457144	3.98127434230671	0.0189378117283093	0.5114842279094605	1.3191601782801903	0.051093048	0.1
SB10	KP0109_LM_SB10	4066	25.129716262480947	45.08584167564425	2.6308480680692172	0.7190267665244662	0.4853843435714254	1.8591591383446797	0.087453353	0.1
SB10	KP0112_AC_SB10	1253	39.91755858928569	12.007455601278597	3.6385123606778125	0.2114761945613914	0.4736709878882113	1.9445703633324356	0.042757097	0.1
SB10	KP0116_AC_SB10	3075	127.88943536355445	4.468737662069445	4.154507693157098	0.0	0.8029536773971723	1.7921970242524832	0.080813459	0.1
SB10	KP0117_AC_SB10	1752	45.73873893442943	114.36700110057181	2.666744321892416	0.11553635577030115	0.5159784031828477	2.1535737473542946	0.054821094	0.1
SB10	KP0119_AC_SB10	6340	24.363415573593635	19.750979295381345	1.8807427774469705	0.010492884663219156	0.37655300715280493	1.4637633641955696	0.128527709	0.1
SB10	KP0121_AC_SB10	701	91.6827620989439	31.259111038819853	4.8041115227179	0.0	0.5875124673574346	1.352896625794343	0.038867015	0.1
SB10	KP0122_AC_SB10	1498	93.86951513798098	53.47740562426321	4.485593859502678	0.14087983531210863	0.5023964372574946	2.1833845599731374	0.050857853	0.1
SB10	KP0123_AC_SB10	10085	7.520600889031614	35.419370515192796	4.438179477257833	0.0	0.7693433541680355	2.344395388925828	0.1224403	0.1
SB10	KP0125_AC_SB10	609	34.75037747264861	96.33013569233142	3.656603799221893	0.0	0.553450866953	2.3671864108715046	0.030057316	0.1
SB10	KP0127_AC_SB10	5552	6.036498361464637	47.70497656116078	3.4015055677328814	0.0	0.7720785549219858	1.9329415924649254	0.105998217	0.1
SB10	KP0129_AC_SB10	1656	68.80767738314732	45.68648951468709	3.104470061255768	0.0	0.7555322967689139	1.702077860066883	0.047252083	0.1
SB05	KP0130_AC_SB05	468	120.54399862879497	44.92635845383346	2.4421212694410523	0.3933981836008431	0.46296709125931557	1.836318796090319	0.027113179	0.1
SB05	KP0132_HU_SB05	404	41.90488889847455	50.13035135185266	2.6593865776136023	0.0023984600441318534	0.6155013544774607	1.9638116487767503	0.029241196	0.1
SB05	KP0134_HU_SB05	108	64.54874791726414	40.81850420026963	3.173757816100388	0.1701328068102513	0.42178987968609793	1.3370201041422785	0.021112689	0.1
SB05	KP0135_HU_SB05	680	54.192125761744585	39.82183558298475	2.3263742569595474	0.0017133710990946598	0.7850515675589079	1.3978221278798826	0.034287233	0.1
SB05	KP0137_HU_SB05	249	88.81509479830659	114.4819202272486	2.5858757830360184	0.13210753488378396	0.5075189282911508	1.654882910119138	0.022478684	0.1
SB05	KP0139_HU_SB05	106	99.54961317247722	121.1281930758247	1.830946647836369	0.04973641425876917	0.4606537174166673	1.4314810487886647	0.013775104	0.1
SB05	KP0140_HU_SB05	198	73.59755594589298	82.57973332116028	2.6865729529840654	0.07840633371269695	0.3240002566579303	1.3844374451706558	0.016879703	0.1
WP20	KP0289_AC_WP20	2664	25.751957176062287	31.455011001120425	3.3179872685414717	0.0	0.7433593322331603	1.4364333794676587	0.085249126	0.1
WP20	KP0290_LM_WP20	3615	23.31515491606078	13.75683739823867	1.9138363824535967	0.0	0.5962407424715184	1.5432102495692357	0.101559936	0.1
WP20	KP0291_AC_WP20	464	74.04975124955551	112.56924980580662	2.7634203398357617	0.27576641431281473	0.46619421117970145	2.65781464953352	0.036430248	0.1
WP20	KP0292_AC_WP20	874	83.36168554828606	89.93468421642037	3.382712934033246	0.0	0.8018159502842138	3.6542887679190934	0.042026475	0.1
WP20	KP0293_LM_WP20	21259	122.82076664628056	33.15944288723709	2.612606766266658	0.0056235290453991145	0.5512823609796745	1.6530672551627315	0.201365218	0.1
WP20	KP0294_AC_WP20	1631	75.47243775775034	90.38234631282954	1.9961986518975936	0.35939447186526724	0.5173254695408512	2.0170581062320494	0.072092662	0.1
WP20	KP0296_AC_WP20	344	31.924081323385764	125.08535547876	3.2444448194172635	0.0	0.5685052394629827	1.8145668265539128	0.027384867	0.1
WP20	KP0299_AC_WP20	740	58.10586719111983	30.52994325067262	3.340572905023672	0.0	0.6925984813727387	2.2315462021766868	0.039084596	0.1
WP20	KP0300_AC_WP20	1071	103.45990991316026	67.52242016607364	2.543714950695707	0.27867524778748365	0.6787110896887051	2.4337348821637907	0.040144848	0.1
WP20	KP0301_AC_WP20	338	48.63758619740363	27.422487026363108	2.8223625842683093	0.0	0.5019610605646784	2.4328809658523514	0.034438942	0.1
WP20	KP0303_AC_WP20	1516	106.67346290580238	97.44673509987253	3.1611363213447325	0.01353267775439104	0.6363728459795441	2.2344692453086554	0.057614196	0.1
WP20	KP0304_AC_WP20	8853	80.36694661396254	96.3872563978283	4.059970364001979	0.0	0.6614908548479886	2.4312846616432897	0.117157139	0.1
WP20	KP0305_AC_WP20	3172	86.3162679837361	107.06390776398283	3.2902109977977756	0.0	0.71082285308113	1.9309843076893887	0.090841802	0.1
WP20	KP0311_AC_WP20	418	60.842436619301544	37.28588073322753	3.2620633100721372	0.0	0.6590710741553074	1.8810542296342407	0.036375614	0.1
WP20	KP0317_AC_WP20	231	106.4199442242853	95.65634657062029	3.3174420787856946	0.0	0.5264928318529684	1.9580782644329648	0.028740081	0.1
WP20	KP0318_LM_WP20	585	49.427898212432126	33.09422948345492	1.8447100083661006	0.026363636139377766	0.6692823731058294	1.2337334478045021	0.040168077	0.1
WP20	KP0319_LM_WP20	2804	51.840331799655324	41.80148040575456	2.2468999300648265	0.3163810322484384	0.3497471598715446	1.4673606469029332	0.082207723	0.1
WP20	KP0322_LM_WP20	34378	27.709350451301777	45.512352850021145	2.4369409387802263	0.027713856613844758	0.4888050347791103	1.3992700310791668	0.301774182	0.1
WP20	KP0323_AC_WP20	33	111.95168791953712	114.51124334456811	2.500976511219084	0.0	0.6630325332558974	2.577278600444075	0.015071319	0.1
WP20	KP0324_AC_WP20	3387	98.62468704807402	95.25110016298039	3.597525396178442	0.0	0.7623017172702743	2.745769605243839	0.084695315	0.1
WP20	KP0325_AC_WP20	1300	57.533576791093665	57.51811385278022	2.675484542900801	0.0731758822046629	0.6808121090005802	1.9317849222087322	0.047099768	0.1
WP20	KP0326_AC_WP20	2331	64.2337746514581	42.795083424222604	3.7014973994101577	0.0	0.8228263469045481	1.944089313656587	0.070991224	0.1
WP20	KP0327_AC_WP20	4047	99.81252871610933	40.65048786748468	3.736104765336539	0.05805417274826252	0.5212077352970343	2.300644153581964	0.096191563	0.1
WP20	KP0328_LM_WP20	2212	44.247599082810595	47.72859360372667	2.679882531924604	0.0214846810098961	0.5094077185219014	1.5833696793893028	0.065765295	0.1
WP20	KP0329_AC_WP20	4746	52.10621908975336	69.52997105623571	2.576915004060506	0.04422494981355235	0.5787109941662752	1.8171146062115926	0.096745034	0.1
WP20	KP0330_LM_WP20	8968	23.827668682866623	36.876847662683254	2.6834070617394197	0.04064335954584686	0.5442658769909976	2.0973797518722823	0.129048613	0.1
WP20	KP0331_AC_WP20	3292	16.45403426840406	112.1669773754872	2.540186010589786	0.11315563044372423	0.5304024396384588	2.035390863551214	0.084225709	0.1
WP20	KP0332_AC_WP20	3312	76.13361090745734	50.38733959739727	3.6484798717580857	0.0	0.7417590080048188	2.499401300620283	0.068506105	0.1
WP20	KP0334_AC_WP20	2274	102.40123486295548	78.3044555598511	3.5473306943865697	0.23557989013497474	0.634218452697801	2.7322833919037786	0.059932307	0.1
WP20	KP0335_AC_WP20	525	75.37500847183397	89.28905413074386	3.5463091044126385	0.0	0.8230887854436225	1.8916745193827822	0.043311154	0.1
WP20	KP0336_AC_WP20	1049	24.403288586271106	92.47072086273664	3.037872837538957	0.0	0.8462974132576045	1.5818034981819173	0.048816625	0.1
WP20	KP0337_AC_WP20	1082	121.04284426914627	101.17019146472465	3.3722799756165847	0.0	0.7906839740344148	1.998063395541253	0.043537488	0.1
WP20	KP0340_AC_WP20	6281	33.12824669449549	52.05090216276251	2.3903463003869216	0.04721335091799214	0.5536891640416394	1.6415958363135623	0.157455789	0.1
WP20	KP0341_LM_WP20	4533	64.77519791937945	76.65051739240081	1.9487349327450354	0.07707748167775028	0.47108437668039754	1.475661586679516	0.114100817	0.1
WP20	KP0342_LM_WP20	20736	75.67777573651614	4.498901225956271	2.3678680271663786	0.06054972617950081	0.41728020011984207	1.5912563309516712	0.239162946	0.1
WP20	KP0343_LM_WP20	4560	33.160161743202984	77.96194837272017	2.0078095065107973	0.030123154717654015	0.4477029854447509	1.6623876393754178	0.108261889	0.1
WP20	KP0345_LM_WP20	20163	82.14391452930215	123.00611397674538	3.220268150039642	0.00799763171568139	0.47430986259720187	2.100660920374781	0.199093188	0.1
WP20	KP0346_AC_WP20	2064	129.0022287321951	132.09679605445479	3.8222158775815127	0.0011883726498271136	0.6664504230872382	1.9448693077137957	0.068671136	0.1
WP20	KP0347_AC_WP20	4651	51.615490141158155	122.09098981212263	1.4692491420814926	0.016158271160567332	0.5735924247725566	1.6786936652903361	0.125019598	0.1
WP20	KP0348_LM_WP20	25073	51.865357635211204	51.10849713227701	2.287763603396191	0.055628375504894904	0.5239433829784939	1.7224992808515778	0.23662816	0.1
WP20	KP0349_LM_WP20	40997	59.88495908927588	41.86631502714385	3.0410604142979	0.006559215240220715	0.5276371647748235	1.9379622290155283	0.273026254	0.1
WP20	KP0350_LM_WP20	76023	55.89104366338715	131.05185834027853	2.5706469200611535	0.08196734616951391	0.34945916771346014	1.8077918802510025	0.382630162	0.1
WP20	KP0352_AC_WP20	8839	85.64843058567202	82.05950837969172	4.7644936888133715	0.0	0.728935973764696	2.5836090678229517	0.11104871	0.1
WP20	KP0354_AC_WP20	286	39.66201528652776	35.37997894737666	2.6570075335475916	0.08927048871879567	0.541096140893819	2.6749706470573713	0.030967317	0.1
WP20	KP0355_AC_WP20	2774	58.50471075021916	98.99107396963711	3.492468432125776	0.001940567212046315	0.6762056712397262	2.2569403335021545	0.073118932	0.1
WP20	KP0360_AC_WP20	829	106.9670337380771	61.959163486030384	2.7548428795117825	0.0	0.6178661055758199	1.7896161501016778	0.056295063	0.1
WP20	KP0362_AC_WP20	700	76.97734106063606	63.103048866327725	2.3149351564358227	0.0	0.8227473969441833	1.5758649156768851	0.051333062	0.1
WP20	KP0363_AC_WP20	3409	69.32131352690257	43.558378794625376	3.494149852696354	0.12676692396079542	0.45454865220474505	2.3444323193370327	0.099460385	0.1
WP20	KP0365_AC_WP20	710	93.68535979654501	83.26453898388087	2.498906026970742	0.13006240147021508	0.5333279345682632	1.792772639570886	0.037198058	0.1
WP20	KP0367_AC_WP20	1112	82.74720689501365	95.2648151587228	3.8379321041398042	0.0	0.6935714951020348	2.4484948693694273	0.055949553	0.1
WP20	KP0368_AC_WP20	729	83.23441335267732	92.50046320809155	3.6037971856135904	0.0	0.8121588652160464	1.985013988232255	0.048004886	0.1
WP20	KP0369_AC_WP20	5126	54.40033277495535	51.014828739126585	2.4745113602061846	0.04270687338819037	0.46803912042622553	1.7720845555914921	0.125566158	0.1
WP20	KP0372_AC_WP20	17069	101.94443508502256	9.002283675198202	4.252551444735602	0.0	0.6184830219911273	2.637641433111094	0.163286081	0.1
WP20	KP0373_AC_WP20	666	55.77772709936071	67.80031335850278	2.3931910577545894	0.08938990971804107	0.4989740332262969	1.5938424888743283	0.042335217	0.1
WP20	KP0374_AC_WP20	10912	59.24836711899224	45.6263099392366	2.391037400793875	0.0	0.5098843930544134	2.310190289966861	0.165208639	0.1
WP20	KP0375_LM_WP20	7150	19.76463288294203	126.45138214955145	2.589377761515258	0.31662207737530473	0.4436139064724857	2.343172450063666	0.135602584	0.1
WP20	KP0377_LM_WP20	20197	89.32805625854446	14.66923462288115	3.796614806646387	9.329953512636664e-05	0.5453928872120055	2.089740070437506	0.198520415	0.1
WP20	KP0378_AC_WP20	229	46.95677108892543	45.546887533600284	2.2814589106197998	0.029791726181109104	0.7720834606738878	2.038583609415045	0.025266722	0.1
WP20	KP0379_AC_WP20	12	34.27969665341766	38.44145749074951	1.5634553359729182	0.0	0.533835316898373	1.2736224649321544	0.005621714	0.1
WP20	KP0380_LM_WP20	3558	16.94365530825006	33.15436076137417	2.1366502289967535	0.17760557188623288	0.4237171432989465	1.6358753143320073	0.088943434	0.1
WP20	KP0382_AC_WP20	473	79.7517265082746	72.78123444063336	2.4832157989940646	0.3084215110974715	0.5603183502033356	2.144542651609619	0.041059972	0.1
WP20	KP0383_AC_WP20	2065	101.70499920167744	114.2290555254312	1.9929189072265123	1.022376042185634	0.5316530776012941	1.6322416781962283	0.092074805	0.1
WP20	KP0384_AC_WP20	13872	54.808743905129695	50.520400885875816	2.11905758098373	0.22212390199012977	0.5695660045492831	1.5907224625079606	0.208410808	0.1
WP20	KP0385_AC_WP20	6400	33.31281944283006	57.97756321897434	2.046815004579272	0.01500444124341379	0.7039920499624657	1.1772227616545188	0.159628158	0.1
WP20	KP0386_AC_WP20	145	64.64153389139513	75.68580619709708	2.362087137042819	0.0	0.6914465077961972	1.2548633956271564	0.02891163	0.1
WP20	KP0388_AC_WP20	210	37.81236233662202	121.28675445838948	1.9259486033602191	0.024412364852669753	0.5823475020642601	1.4692979343446748	0.035238071	0.1
WP20	KP0389_AC_WP20	287	30.535936469926487	99.45346356323607	2.1565244638868175	0.0	0.8866435776843815	1.3397980088250918	0.039344464	0.1
WP20	KP0390_AC_WP20	41	30.819455518353365	45.39413316036134	3.2743569178348046	0.0	0.6109497832604176	1.5194233832647326	0.011703848	0.1
WP20	KP0392_AC_WP20	1805	98.02931433780098	82.20600075423104	3.9031898939097855	0.22131070568313796	0.5058435795674098	2.8218966387881737	0.061720577	0.1
WP20	KP0393_AC_WP20	169	73.38268861652209	89.06327300686091	2.7176596769338244	0.0	0.5555349566160284	2.6457773741950477	0.022032258	0.1
WP20	KP0394_AC_WP20	1522	54.72732820794445	97.56070860116209	4.203058036463987	0.0	0.6944018074104685	2.1014190789296623	0.053877794	0.1
WP20	KP0395_AC_WP20	122	41.7497781528092	98.02316927961715	2.772642883825791	0.0	0.8580615337551972	2.4158674351076743	0.019780927	0.1
WP20	KP0396_AC_WP20	172	122.53766750947841	39.30791819438935	3.316060436017797	0.0	0.7033404710587804	2.2580360802113084	0.020102184	0.1
WP20	KP0399_LM_WP20	2589	53.472578381120414	51.23508698862554	1.8640609522627296	0.3418227711020249	0.4261192474372949	1.5881414640287792	0.081467845	0.1
WP20	KP0400_LM_WP20	114393	49.340292941270626	29.32322054800233	3.160710768694813	0.1964228629104268	0.37200403596286136	2.0518604862312237	0.409959813	0.1
WP20	KP0405_AC_WP20	666	86.4448022348792	85.94787436371409	3.1947558115032018	0.0	0.6266188670336088	1.7713524152256717	0.036244401	0.1
CA05	KP0407_AC_CA05	22309	103.17929485090441	39.888559599141715	6.522400809026435	0.004488177248400224	0.6050930183939576	2.519445117020414	0.17316567	0.1
CA05	KP0408_AC_CA05	17997	102.85823847100164	113.08984148862572	4.226715115568117	0.0	0.7451993620404584	1.8559701049036224	0.192859475	0.1
CA05	KP0409_AC_CA05	767	115.10724732619646	109.42294154940001	3.320622956799707	0.0	0.7415997794926632	1.5677496022295017	0.038422794	0.1
CA05	KP0413_HU_CA05	615	28.52932539423909	4.599068850117345	2.167535028363496	0.0	0.45297086400809405	1.5254195521365452	0.04144743	0.1
CA05	KP0414_HU_CA05	108	80.25208064852343	97.84623817063148	2.963665865933713	0.17133452764316556	0.4889081520568967	1.4015381887459695	0.01598585	0.1
CA05	KP0415_HU_CA05	218	45.927245317934045	17.41180955486455	2.8958288863410844	0.0	0.552424704885215	1.7289081008667317	0.021679914	0.1
CA05	KP0417_HU_CA05	73	15.071325284693684	15.395831404982538	2.590725967006861	0.0	0.8993142255465406	1.4326473479637187	0.012800059	0.1
CA05	KP0418_HU_CA05	121	13.868475027623328	56.733753685823416	3.092196573575648	0.007759937654534835	0.656912667808736	1.7030011482999046	0.015623073	0.1
CA05	KP0419_HU_CA05	123	34.33519383910393	57.034153136419135	2.4419752943882775	0.3221006843421423	0.5332284470045768	1.665117499465193	0.015446798	0.1
CA05	KP0424_AC_CA05	1183	96.24943204071309	47.11873215037976	4.2887204292962124	0.0	0.8029737304154023	1.6245278172058275	0.053911536	0.1
CA05	KP0426_HU_CA05	303	42.069404017704805	69.99788408166663	2.7406508344826146	0.0	0.7546361868640215	1.7394379196518137	0.027047408	0.1
CA05	KP0432_HU_CA05	138	29.39280841597565	52.254658768364976	1.8644431080861188	0.10182629296958438	0.5049234804943236	2.321670127832286	0.017281002	0.1
CA05	KP0433_AC_CA05	57078	43.480397896876404	20.907503099905085	3.673977717681176	0.0007068511967473877	0.7155861434463877	2.17520521657918	0.291162198	0.1
CA05	KP0434_HU_CA05	364	40.46421370582161	58.86086057075114	2.753556227063823	1.0180245235654628	0.47567122108365306	1.9658379903747343	0.028186064	0.1
CA05	KP0435_HU_CA05	1007	70.54945217938355	80.49483220855613	2.513110288297495	0.7678940103216132	0.47865618439567115	1.9848893122571993	0.043066601	0.1
CA05	KP0436_HU_CA05	93	40.997220659458286	65.16174037586694	2.270632196020503	0.07638389708183571	0.6533837381389328	1.8029177598339285	0.015250496	0.1
CA05	KP0439_HU_CA05	196	115.05328675152946	4.33447026805883	1.9780074378778678	0.0	0.39950105412031234	1.871717783179355	0.024221622	0.1
CA05	KP0440_HU_CA05	1409	90.36499600881265	49.937459783975555	3.655894527886988	0.0	0.8224984891787546	1.6626073375030308	0.052379099	0.1
CA05	KP0441_AC_CA05	389	110.19486095915472	101.42789081475065	2.3679165013500243	0.0	0.5319832012296015	1.6792396757205117	0.031691676	0.1
CA05	KP0442_HU_CA05	242	32.255236381586826	31.388204620289553	3.0557572736559817	0.0	0.8205943599933226	1.5093397310557788	0.022961929	0.1
WP20	KP0450_AC_WP20	5811	56.68860683588532	43.10929555786574	2.58041465432328	0.040705434730442344	0.4135179110733154	1.801117614393186	0.125069273	0.1
WP20	KP0454_AC_WP20	19916	62.1333415742761	85.19682744890966	3.0940011063107358	0.0025286107817937067	0.6998984910842064	3.0950024314388482	0.160904927	0.1
WP20	KP0459_LM_WP20	10991	32.94669909308679	17.649295033609633	2.2245662572492697	0.11533671604263514	0.5028184043141795	1.5442308456483944	0.160480317	0.1
WP20	KP0461_AC_WP20	373	128.21893900647584	50.83382022545156	2.298968731096947	0.04107159738564286	0.6806288601509748	1.96170893436134	0.026968434	0.1
WP20	KP0462_AC_WP20	992	37.93353769171293	35.137893571059344	2.8460063546576397	0.011196395706824697	0.48854948211845156	2.0549199881990536	0.061730118	0.1
WP20	KP0463_AC_WP20	823	80.8277015303904	48.02878187894516	3.9766108241537115	0.002140359105990149	0.8161826709548037	1.9782648228072452	0.049244283	0.1
WP20	KP0464_AC_WP20	6458	42.10177997570776	44.22435784817873	2.3717967788704324	0.36192176919260116	0.43613894839104134	1.940325097047694	0.121609829	0.1
WP20	KP0467_AC_WP20	6169	4.784780401122122	27.390457802993268	3.9699841201899044	0.0	0.789644726483402	3.0922947005370993	0.100126868	0.1
WP20	KP0468_AC_WP20	1707	95.109788135036	81.56771890648879	3.08857686479567	0.20017652992645774	0.5305328050178709	2.6871352815614875	0.056622137	0.1
WP20	KP0470_AC_WP20	20227	129.4766735295573	71.61050775576543	3.385597785394445	0.06410964059191884	0.5379679661692847	2.5322218799701868	0.187083056	0.1
WP20	KP0471_AC_WP20	11195	52.52621692335335	87.12373713697365	3.0738789149860084	0.14679498815190653	0.5298139570718126	1.9907968995599563	0.137093326	0.1
WP20	KP0473_LM_WP20	89	69.14395438012723	93.94251231568525	1.896273498480641	0.04729450123193996	0.3487426774628192	2.8523899864252082	0.0188433	0.1
WP20	KP0474_AC_WP20	26	109.42293920582898	107.85657338035028	1.2270818889145059	0.06247346243155566	0.640749454127719	2.7259280657337075	0.009403585	0.1
WP20	KP0475_AC_WP20	1533	84.82165789310064	81.20236004667454	2.2595062529264753	0.20402476675776093	0.659799259149954	2.672362544255624	0.049916775	0.1
WP20	KP0477_AC_WP20	5443	82.98217441588525	104.73247480416957	3.2642745831716766	0.0	0.7365672696448377	3.2380688483017264	0.084283834	0.1
WP20	KP0479_AC_WP20	10052	18.970698492780205	23.350452015926315	2.7997275396919994	0.0	0.5092196233421532	2.4118478512759935	0.142795916	0.1
WP20	KP0481_AC_WP20	1156	81.14563804668991	67.01837250483501	3.1205317699002384	0.0	0.6361481416757943	1.871277506088406	0.066819294	0.1
WP20	KP0482_LM_WP20	14382	46.55188735245003	107.90089700974367	1.8430155930631327	0.07549272899087832	0.4749845043416882	1.825522441696868	0.18914365	0.1
WP20	KP0484_AC_WP20	2060	66.02284726021817	59.193489797746714	1.8924615132944536	0.30817976308128847	0.3926349020295506	1.4011883205415891	0.08522142	0.1
WP20	KP0485_AC_WP20	2111	71.81501667126497	72.67869098179732	3.5265575972120673	0.0	0.7469182940257212	2.639448615960669	0.070256649	0.1
WP20	KP0486_AC_WP20	4606	23.13477853794079	12.458871074789853	4.2353736586658055	0.0	0.6426580475969701	2.3560620347899515	0.082353907	0.1
WP20	KP0487_AC_WP20	1486	84.14705254245938	87.39284037874519	2.575801209135537	0.0	0.590202206907827	2.3462728197738705	0.052663693	0.1
WP20	KP0488_AC_WP20	595	109.90398056703977	103.64703457617716	2.530953442260617	0.0	0.6925389991634099	2.83005353723147	0.049312758	0.1
WP20	KP0489_AC_WP20	392	104.97977818312792	81.13850751540998	2.6141771719737985	0.0	0.5633679549695056	2.030165331143988	0.044249919	0.1
WP20	KP0490_AC_WP20	717	81.42264650160129	85.20802746516182	3.7034544559769067	0.006409973027803848	0.7738215928997829	3.107469410027239	0.036550112	0.1
WP20	KP0491_AC_WP20	441	88.97670655787711	102.34755322255832	2.577392422783847	0.0	0.5223046437057727	1.58131469227731	0.046890769	0.1
WP20	KP0492_AC_WP20	10239	70.80674306759946	92.31311285428616	3.7096423184161664	0.014238380281443504	0.6071042323564669	2.8118619111908005	0.119964167	0.1
WP20	KP0493_AC_WP20	383	77.78136355065756	75.7688145309578	3.1803837793096896	0.0	0.6677602498560145	3.008627588858736	0.033804956	0.1
WP20	KP0494_AC_WP20	7639	70.70603572932549	103.94449531536519	2.8514684987602537	0.0	0.685884828444857	2.3747277951312893	0.100156727	0.1
WP20	KP0495_AC_WP20	842	86.85078748261921	75.92022619224397	2.4667071695554554	0.0	0.7865334411780525	2.1022143256308987	0.047840205	0.1
WP20	KP0499_AC_WP20	897	95.17537116461126	86.20318748054642	3.089894735621835	0.0	0.7653206033325943	2.661010385168234	0.035741149	0.1
WP20	KP0501_AC_WP20	1420	110.67442293077134	82.12731259439757	3.560974443711731	0.0	0.6119474726591883	2.150767245518603	0.063772773	0.1
WP20	KP0505_AC_WP20	12662	81.25667049868497	38.69185130842835	3.29805019447307	0.0	0.6655537536753515	2.357981892126222	0.145431859	0.1
WP20	KP0508_AC_WP20	2018	33.98006945698688	33.12354108792826	2.385160242078915	0.007414838694792247	0.5028751207379538	2.143730864537945	0.073499008	0.1
WP20	KP0510_AC_WP20	473	44.12754157358614	50.01622872985022	3.002653616926328	0.0	0.626422938415018	3.233884852357689	0.033360982	0.1
WP20	KP0512_AC_WP20	585	48.223092899430426	107.00724492901709	3.0057732228451326	0.0	0.7428525025211983	2.474493234231111	0.041087147	0.1
WP20	KP0513_AC_WP20	63	58.91066141545193	68.86720766379852	2.700120496309147	0.0	0.49424755193750214	1.4829671682524606	0.016552957	0.1
WP20	KP0515_AC_WP20	2210	48.61497096426043	44.86904403927562	2.0544325363193026	1.014871180485832	0.47966540045620715	1.6822749054485515	0.078737784	0.1
WP20	KP0516_AC_WP20	849	92.67207897528877	82.794581242489	3.3711575733979924	0.0	0.6329038719550812	2.0064710813652704	0.047835997	0.1
WP20	KP0521_AC_WP20	3477	85.90455084070706	43.43247499317267	4.133189605672994	0.0	0.7602635567497008	2.2879127049073715	0.07821021	0.1
WP20	KP0522_AC_WP20	6129	116.39518518227786	124.77063551175746	3.5614060672771584	0.011843058386252433	0.7063943910276579	2.7323023928493813	0.09488896	0.1
WP20	KP0523_AC_WP20	2824	123.55545702419423	19.120040598642493	2.6289713662127	0.05704553619325328	0.522198033272882	2.3300199788138	0.077808842	0.1
WP20	KP0524_AC_WP20	1599	67.15132254765568	43.964257306483304	2.6522302255720778	0.0	0.7759176536054606	2.056722786743839	0.054805363	0.1
WP20	KP0526_AC_WP20	3599	72.5216377231315	69.32862128269808	2.195488218838049	0.24459908702649086	0.6248806687375299	3.3823976200109325	0.066340771	0.1
WP20	KP0528_AC_WP20	4112	78.20768945136015	78.30697032960876	3.9045305636658947	0.05954922119364856	0.6650616993470868	2.8611059246498276	0.079365199	0.1
WP20	KP0529_LM_WP20	312	36.819297580501676	19.51650556033552	2.280575049255627	0.07077700621690669	0.4251530940348329	1.495086941074088	0.039572574	0.1
WP20	KP0530_AC_WP20	358	87.74127701055836	87.34949149474737	3.1629715660103854	0.1047362608024995	0.6298414847907361	3.3970204222579006	0.025567452	0.1
WP20	KP0532_AC_WP20	9845	73.69174078136184	110.67065887484209	2.6960936631779906	0.0	0.655259629010963	2.4089214158090453	0.107389114	0.1
WP20	KP0533_AC_WP20	167	57.96363149385164	16.411213324453342	2.9815100602883287	0.0	0.6683069605550276	1.4157331942197195	0.021640382	0.1
WP20	KP0535_AC_WP20	3912	10.09187609102696	29.00113647809344	3.530824149342071	0.06823472310910547	0.4716694175549257	1.7569059309888657	0.084816322	0.1
WP20	KP0536_AC_WP20	7338	62.30591683395744	64.43299562176153	2.6496085725920135	0.0023190342656476013	0.7628938592396608	2.1174209732732487	0.107977732	0.1
WP20	KP0537_AC_WP20	374	105.28939969706651	27.08427237108081	2.7359375052526747	0.0	0.5495580126911354	2.1571416399623318	0.026961915	0.1
WP20	KP0539_AC_WP20	1717	78.51111006232279	93.55149456489764	3.604179154300494	0.0	0.7817871052559692	3.0073583063075184	0.066862937	0.1
WP20	KP0540_AC_WP20	48	73.66934861037734	79.40336833328733	2.026567159425521	0.09964989195808331	0.5500072150704238	2.634643342781187	0.014346113	0.1
WP20	KP0545_AC_WP20	5637	97.54944768042542	107.95251863899375	3.5386899240415035	0.46046067119501877	0.4818880640097381	2.1651213825210713	0.095312584	0.1
WP20	KP0547_LM_WP20	6589	92.18370845941458	52.06490472038318	2.835940102198461	0.21426901487886155	0.5358935751919436	1.777170342605205	0.123766436	0.1
WP20	KP0548_LM_WP20	22283	7.951829984856543	85.28572007170001	2.138334007576211	0.15775881003437334	0.4697697163542948	1.4278418492492997	0.224747319	0.1
WP20	KP0549_AC_WP20	1695	40.410312406229444	30.19839089466882	2.1353749515281497	0.3981574345418379	0.41092495501902904	2.051039551699579	0.062400678	0.1
WP20	KP0551_LM_WP20	3614	17.494624676397482	7.087714066226056	2.1427243355864176	0.2969621488713512	0.337349317098444	1.2920314940747069	0.096304213	0.1
WP20	KP0552_AC_WP20	3905	51.69066263440317	27.8319034723799	4.231072766886531	0.0	0.6920248166937734	1	0.155734056	0.1
WP20	KP0554_AC_WP20	7309	28.69648682809073	19.778217056561388	4.061557322117484	0.00014008158003296877	0.6487139386758616	2.5889273907620485	0.111378898	0.1
WP20	KP0557_AC_WP20	4150	130.12550283967423	49.26982241191894	2.4789782115638035	0.6324322659824434	0.42545594261340547	1.3766995024271456	0.089357327	0.1
WP20	KP0558_LM_WP20	17637	32.85913289243101	130.82754324225385	2.073848527038108	0.0008129916511449264	0.579839789533608	1.6482141139048578	0.20877568	0.1
WP20	KP0559_AC_WP20	2727	130.94207797617582	38.94449758974057	3.0636674999550286	0.11586742348070542	0.4288880834776486	1.5352233019905654	0.077039444	0.1
WP20	KP0563_AC_WP20	128	110.75719614881628	119.78055074322033	2.4232057719727695	0.6809832396051305	0.5407908626126824	2.9477562592315802	0.020147801	0.1
WP20	KP0568_AC_WP20	644	71.42623088430116	70.40548652165646	2.5961537734185436	0.0	0.6046401930234151	2.4847949955230666	0.045830184	0.1
WP20	KP0569_AC_WP20	2967	35.87988916666651	26.623180233920344	3.159795750591941	0.008624763669450915	0.5282516763051761	2.6239443601766026	0.064940489	0.1
WP20	KP0570_LM_WP20	7506	27.35907931977849	32.341985895259356	2.3019988424586852	0.0008111592544360181	0.4250711507658675	1.575612718286722	0.139762695	0.1
WP20	KP0571_AC_WP20	577	65.87544344047063	57.03611777331723	2.384780763016354	0.24238884994630136	0.6381743379456594	1.8914574087899676	0.035877902	0.1
WP20	KP0572_AC_WP20	1226	53.60102222771614	59.78948316530935	2.92945950334788	0.0	0.5638400344035873	2.0026645433671955	0.049217962	0.1
WP20	KP0575_AC_WP20	5918	76.18471378511487	57.606815480719284	3.9838819826076532	0.0	0.6380120064498452	2.7871013506577267	0.130679417	0.1
WP20	KP0579_AC_WP20	1050	27.906559008602965	32.7228459779919	2.680641691282281	0.6609437963754006	0.44649999072124374	1.4866638265718997	0.049469723	0.1
WP20	KP0581_AC_WP20	532	121.16039443748765	94.07280214987365	2.3570369236179762	0.308502587054524	0.5131557313301118	1	0.048167724	0.1
WP20	KP0582_AC_WP20	30	104.26282115095893	121.99054507566254	2.03798000283281	0.04314853927128548	0.7258972553247971	2.0836282876222603	0.009521634	0.1
WP20	KP0583_LM_WP20	6160	85.62505380583528	114.06803438011879	2.096142682762448	0.3010375469987054	0.49098527572395	1.8430229069380435	0.132605128	0.1
WP20	KP0584_AC_WP20	1399	115.58231979573571	86.4631683547969	3.4417054253347126	0.06190332696227194	0.5573088614178278	2.18953445431367	0.063295344	0.1
WP20	KP0585_LM_WP20	6477	48.00393592337491	119.50726741418501	2.690598391921227	0.0005529274909051625	0.7647801502570657	1.6945525197447004	0.134678833	0.1
WP20	KP0588_LM_WP20	12237	129.54852291774267	101.82493762833033	1.7723131592059838	0.32814717396565785	0.49405953509673045	1.890683451818812	0.186130665	0.1
WP20	KP0590_AC_WP20	740	19.409371783213928	55.813659784844056	3.1848431721593156	0.00926051234303688	0.7554556861173126	2.600972886043625	0.039657299	0.1
WP20	KP0591_AC_WP20	235	121.022907077999	52.81281848293321	2.278641523410475	0.20485433300112238	0.4941001797229491	2.412015838049083	0.032127635	0.1
SB20	KP0613_LM_SB20	15915	129.7442520351312	67.35741862292859	2.8174928233564063	0.009420605150699318	0.5929122587580075	2.299504263600005	0.154201696	0.1
SB20	KP0614_LM_SB20	7912	130.32810515323018	120.09455375356444	2.6274115549103962	0.4803041554461788	0.3644406920554948	2.149290594466571	0.112856415	0.1
SB20	KP0616_LM_SB20	3748	16.2778584571707	27.929080330818763	2.3003201267780824	0.031995050622639985	0.27667207419960654	1.3820524398013923	0.076378022	0.1
SB20	KP0617_LM_SB20	19934	132.55503086439094	36.693644052494925	2.3802033585000717	0.0027350253590792593	0.5736506531897831	2.4917054802029446	0.178762502	0.1
SB20	KP0618_LM_SB20	7487	119.6933682287334	99.94629521628532	2.3864860905845764	0.35458628227250416	0.5521605648722154	2.4141306745725633	0.109613359	0.1
SB20	KP0620_LM_SB20	10418	30.009132263644272	32.31174325288406	2.323279979911986	0.9051837615531106	0.5008736456547437	1.4630558769284716	0.135146664	0.1
SB20	KP0626_AC_SB20	8638	20.115868045625962	26.94279021266098	2.1000676919722463	0.01566161228031643	0.6734323174907509	2.0434918155870174	0.12053656	0.1
SB20	KP0629_LM_SB20	5091	51.1835316319021	35.23791982401438	2.7633962812165773	0.47747109392230225	0.4800865124551656	2.3744947410145762	0.097634388	0.1
SB20	KP0631_LM_SB20	11053	44.52456589522431	14.121818212373444	2.4913667552725527	0.3258897094905967	0.25197205732290545	1.5170834832354374	0.14461323	0.1
SB20	KP0636_AC_SB20	1608	92.86715149471769	24.956638076296173	3.9128551235257225	0.0	0.829093548621705	1.988463158735467	0.058943036	0.1
SB20	KP0637_LM_SB20	18361	38.72653452268506	43.90283976023647	2.4809751852330937	0.0011215485920217816	0.6216022494488312	1.8857828231274978	0.148324258	0.1
SB20	KP0638_AC_SB20	9666	20.37008364941242	71.41065978165813	3.025499131762669	0.0	0.5061075926057509	1.8418196138523688	0.126373101	0.1
SB20	KP0639_LM_SB20	53408	125.11581308672174	128.80767926932728	2.256711020656137	0.34042131360772565	0.42797943648254755	2.13649981931895	0.292263626	0.1
SB20	KP0640_AC_SB20	13705	38.69904162728311	45.95703500995432	2.93166260526055	0.08116984206619585	0.4832749601911329	2.59189905884873	0.129908484	0.1
SB20	KP0643_AC_SB20	4810	27.890524405525476	4.002877777678572	2.369979149578023	0.007996378587948431	0.621352740525849	1.7368495363018286	0.076874079	0.1
SB20	KP0646_AC_SB20	785	118.35753839313959	96.14495998108075	3.4299037801783543	0.0	0.9045064471918087	2.1904746384480656	0.041002717	0.1
SB20	KP0647_AC_SB20	1629	113.27087089698394	56.29868004786135	2.58516281945938	0.0	0.6964836918772089	1.94820927570791	0.078099892	0.1
SB20	KP0648_AC_SB20	2835	94.43813524380278	45.03323375791747	4.77441861268082	0.13119461149147424	0.6128235901390507	2.465294497645166	0.056384982	0.1
SB20	KP0649_AC_SB20	6503	23.601949755882917	7.727757806182989	1.9982393838928505	0.12767940987997436	0.5208431166922395	2.1698921836577707	0.107216378	0.1
SB20	KP0650_LM_SB20	21942	101.90466141564748	32.72393264404753	3.887526992722444	0.0	0.6081971288263065	2.5839603669761013	0.155167491	0.1
SB20	KP0652_AC_SB20	894	121.83905900389442	2.7832241625501983	2.2076963373428256	1.0978513636292277	0.4637358671720095	2.0099449707404213	0.038368313	0.1
SB20	KP0654_AC_SB20	11623	16.6949385072162	112.02898391872975	3.1204789310812497	0.0008871162675128492	0.6110627249554345	1.6204173032813936	0.115891396	0.1
SB20	KP0657_LM_SB20	3817	40.35669118273901	10.169508662668445	2.210552786607363	0.06481117084629817	0.3940440962367102	1.1211939467903294	0.093492307	0.1
SB20	KP0658_AC_SB20	4907	18.01571206056091	28.285832895443036	2.6038883961905337	4.561684184539981e-07	0.5755361909211804	1.753381849826067	0.069824519	0.1
SB20	KP0659_LM_SB20	304	48.11848340815672	53.34483334272162	2.168077933849603	0.8144671638828351	0.33611669825070367	1.6495786115861821	0.024859436	0.1
SB20	KP0660_AC_SB20	257	113.2994950430116	123.7778833417452	2.46700948124175	0.0	0.8244866518704195	1.6228272654364961	0.026157851	0.1
SB20	KP0661_AC_SB20	181	58.00697882838662	2.5109619853614404	2.9034917676143084	0.0	0.5892697903180261	1.9433060633762256	0.02251305	0.1
SB20	KP0662_AC_SB20	10678	38.70228388269864	130.7728562018092	2.401695970779046	0.006441179811423188	0.6076236073079073	2.4075941962395535	0.107260214	0.1
SB20	KP0664_LM_SB20	14662	130.96176886100557	27.916924237351044	2.288667039181889	0.06055152794129115	0.48566672197679456	2.3492454353985845	0.160329114	0.1
SB20	KP0665_AC_SB20	5961	11.936713768514997	21.221524628871332	1.9658794825378743	0.0	0.5266425520128175	1.8853051198150037	0.106708495	0.1
SB20	KP0666_LM_SB20	26361	20.632846961384537	11.28316777649635	2.303763790062575	0.0	0.6759733258237869	2.336743640767263	0.213111277	0.1
SB20	KP0668_AC_SB20	3768	38.03165431081559	12.507116511158019	2.8703049837702133	0.002191081995902678	0.416126268751615	2.079198442131733	0.093659147	0.1
SB20	KP0670_LM_SB20	644	118.23668066603479	112.86583784179271	1.911284433031506	0.11832899765040136	0.5372816618601565	2.011537738686559	0.04169503	0.1
SB20	KP0676_LM_SB20	37911	39.824179958042166	130.1585913270622	2.6383121154038367	0.0669921201983083	0.5275350775218742	4.0757295293960585	0.229061011	0.1
SB20	KP0678_AC_SB20	1512	124.853749446703	41.831201644587274	2.896338964113625	0.025408100634472637	0.47564538394334804	2.5622710099509614	0.054304452	0.1
SB20	KP0679_AC_SB20	1212	87.21747590336834	88.23398913916009	2.794252345723666	0.17832511041748286	0.5763862524146821	2.3442384220414407	0.041571257	0.1
SB20	KP0680_LM_SB20	18367	4.718863034436227	34.640251900281136	3.510531193107446	0.1001523804745475	0.4664781963685634	2.2095123921258826	0.16880613	0.1
SB20	KP0681_AC_SB20	1264	76.4610395201652	123.87632958041844	2.767851166402054	0.0	0.7365950144083256	2.3243119994413006	0.052708686	0.1
SB20	KP0682_LM_SB20	8410	129.6110153550727	111.90227954713302	2.4432236088921395	0.2178137998213861	0.5231278509418197	2.613096268555078	0.116044919	0.1
SB20	KP0686_AC_SB20	415	105.60317273129601	31.06787800433883	2.8099413031347873	0.0	0.8848116511749542	1.9579556236368303	0.034077483	0.1
SB20	KP0688_AC_SB20	10289	41.67989441383679	25.260360868256612	2.7634756038384394	0.0	0.5936936235392941	2.125397679095082	0.119798944	0.1
SB20	KP0690_AC_SB20	21977	129.05155881416093	29.790914808073858	3.388017528591049	0.05168873354217319	0.5228087125338785	2.8544312952191433	0.184231337	0.1
SB20	KP0691_AC_SB20	273	98.80184717217227	62.05978763483045	2.4538907463043858	0.6265019334265259	0.43913072853678714	2.311145321973672	0.035400946	0.1
SB20	KP0693_AC_SB20	11369	31.594666477677855	22.08139968530521	2.52409164094553	0.20793726975541232	0.5465865318095957	2.606006392191763	0.130112251	0.1
SB20	KP0694_LM_SB20	38996	44.77718741536265	38.70159381331727	2.4235003958705565	0.015440804237009411	0.43541235087383484	2.2723650726347002	0.227420023	0.1
SB20	KP0696_AC_SB20	450	42.23908551364048	31.590837561984483	2.1260734936221324	0.0749673335330193	0.51091900431399	1.2440026691124981	0.032738353	0.1
SB20	KP0698_AC_SB20	27665	131.24454335084658	46.069754920031386	2.2440394592818937	0.05214506876117209	0.5795751487666776	2.078184210070501	0.209178232	0.1
SB20	KP0699_AC_SB20	752	121.67727596008295	98.91506433072541	2.249809478041456	0.0	0.50543404916335	1.7389927972057768	0.040081728	0.1
SB20	KP0703_AC_SB20	5721	84.45625147834185	4.656784379224647	3.596290021043718	0.0023203259713211427	0.6404981068381264	2.5027196851833176	0.080678989	0.1
SB20	KP0704_AC_SB20	16513	29.115051207497327	11.473528441767519	3.501628282856668	0.1043666332013513	0.5359806321225729	1.9640800645651733	0.138820851	0.1
SB20	KP0706_LM_SB20	12781	117.89035668022349	95.37613008429125	2.854765611348923	0.14066435018093348	0.4008117911472746	2.4755909382308463	0.132564145	0.1
SB20	KP0707_LM_SB20	26278	18.493619899450447	3.651672429945089	2.8126235222069256	0.35652582216193274	0.2501392616865287	2.315787895024482	0.187590649	0.1
SB20	KP0708_AC_SB20	2572	70.5010657084915	58.97555851065218	2.2704829545468743	0.23733625475418813	0.4724689590248937	1.490205923022994	0.071586877	0.1
SB20	KP0709_AC_SB20	2632	23.904824781336764	42.382976259793644	2.4848320641908086	0.0	0.6301318348436481	2.5072134688693843	0.064302982	0.1
SB20	KP0712_AC_SB20	13109	38.17043464442051	40.21261793814464	2.0734572370616875	0.11029920120453456	0.5436128796936902	1.9142308022124823	0.191436851	0.1
SB20	KP0714_AC_SB20	7751	95.33433032716776	102.3541854989577	3.6936907513425523	0.13808027695862451	0.5092887922611699	2.5847070150120466	0.092946832	0.1
SB20	KP0716_LM_SB20	40847	96.3962820478028	97.02852044081648	2.2311647987760876	0.6417290606205395	0.46393038549231697	1.853165019818136	0.250020459	0.1
SB20	KP0717_AC_SB20	6867	11.14134216451031	17.13378986053147	2.4001038436432807	0.0003386811827378321	0.7723220268288425	1.4995242013836227	0.11816257	0.1
SB20	KP0718_LM_SB20	5641	50.6262496121727	45.531643192874874	2.3232293374755018	0.005248360846561278	0.5119817506276026	2.102882891755439	0.101149956	0.1
SB20	KP0720_AC_SB20	3359	90.2005548461617	27.54642612982761	4.172105926704553	0.0	0.7160469687260266	2.0350996927113356	0.078106204	0.1
SB20	KP0724_AC_SB20	5981	106.2330681611358	123.86010121846675	5.164265809570088	0.0	0.6644860367066646	3.137038142711302	0.093689435	0.1
SB20	KP0727_AC_SB20	504	21.030436242936247	5.6256395598298585	2.648995097704519	0.22952556823660847	0.5669678609442532	1.9857826044079465	0.027645079	0.1
SB20	KP0730_AC_SB20	340	71.69739775674404	91.6866324653007	2.8656733236428766	0.09166881487310281	0.5952944849601828	2.3804410024019083	0.028180931	0.1
SB20	KP0731_LM_SB20	16210	96.85057254582671	14.787016282004593	2.92715304918761	0.15374799774609715	0.3287516620416479	1.6652932174899138	0.168651341	0.1
SB20	KP0732_LM_SB20	893	131.83269852769033	47.40532984523475	2.625680438926362	0.003058024109277662	0.35256171733724323	1.9539059005185813	0.042090163	0.1
SB20	KP0734_AC_SB20	4253	38.648723783900216	14.690872364167248	3.9393547884112623	0.07374740145634762	0.5196630283353991	2.3714797187549217	0.086124117	0.1
WP10	KP0739_HU_WP10	97	12.175965470861643	10.424299842004771	2.2042959685077452	0.0	0.568269528342684	1.132493228333124	0.017785244	0.1
WP10	KP0740_HU_WP10	29	115.15366824485906	104.33436449502994	1.695475206032299	0.09100833960007623	0.4785328381362496	2.1599595421602533	0.01080288	0.1
WP10	KP0741_AC_WP10	1219	18.844390026476063	19.662611830529702	1.8934269281663476	0.031674640044225814	0.5269908107373636	1.2551301024316202	0.076315803	0.1
WP10	KP0742_AC_WP10	1828	108.39953974498854	41.31794466061099	4.031709215958819	0.0	0.7040466150460044	2.0852739579528543	0.0648439	0.1
WP10	KP0743_AC_WP10	9123	59.395686672240444	85.59226683452944	2.977226110559859	0.24616586808387894	0.4596784683389117	2.6666851630146358	0.136942687	0.1
WP10	KP0744_HU_WP10	95	31.350740913675324	16.88126760269585	2.1610795906667484	0.04971492324692483	0.7488290936495418	1.332131080340352	0.016700343	0.1
WP10	KP0746_AC_WP10	2385	19.76908606623599	8.167321287688514	1.813985232705834	0.14528824290827957	0.467547353586095	1.689697583049083	0.089531898	0.1
WP10	KP0748_AC_WP10	212	41.44783289771259	107.06889064917816	2.3558876491273177	0.0004811718575011116	0.5903213130090621	2.0510024052885236	0.029264881	0.1
WP10	KP0751_AC_WP10	952	126.36723193349792	24.914928048903583	3.5594910282499574	0.0	0.6876658810118561	1.5222732709879536	0.04027083	0.1
WP10	KP0757_AC_WP10	611	11.719084094803248	53.38971253281545	2.7297512280625447	0.17205055839679484	0.6199828600045304	2.484823300706545	0.050894114	0.1
WP10	KP0758_AC_WP10	4972	40.858925828196064	43.021818854595764	2.676536687959718	0.06850687156286141	0.5144128161215078	1.6800672042621707	0.099150161	0.1
WP10	KP0760_AC_WP10	9390	48.206805327562	40.55921697905568	3.79102574927244	0.0	0.4489160432105133	2.5599536114335075	0.132110171	0.1
WP10	KP0764_HU_WP10	829	40.72036442680831	22.61519011954655	3.2628988378387223	0.12806356742555255	0.4728874853771339	2.278666942510941	0.041575644	0.1
WP10	KP0765_AC_WP10	1656	40.35817719537731	56.77590347781954	2.229177216619917	0.7534909046404685	0.46226795518438407	1.6108690229790767	0.062092478	0.1
WP10	KP0767_AC_WP10	3984	18.820730739822263	37.73470334978583	2.5203660564516746	0.23106901229766827	0.46480193874170905	2.0204680906917383	0.090301751	0.1
WP10	KP0768_HU_WP10	331	117.225656598083	35.726572657034495	3.5884562924674714	0.5402174941735503	0.4891864918260231	2.1184340705316544	0.027002647	0.1
WP10	KP0769_AC_WP10	79818	47.65251678132859	27.802081931211127	5.332624877951129	0.0	0.5924104642609808	3.1018466665754345	0.305259977	0.1
WP10	KP0770_AC_WP10	72	114.42229086923892	118.07795667971442	1.877857640149263	0.39288899215909034	0.49526900631345044	2.1554854251463773	0.015907475	0.1
WP10	KP0771_AC_WP10	1281	63.90847299168845	21.790499162698698	1.8109227380999693	0.48447304037552713	0.4782694803095472	2.124175963287071	0.061941154	0.1
WP10	KP0774_AC_WP10	48	122.24195001667178	94.43689237296188	1.7140677728658995	0.4571971487381328	0.4199233420551231	2.445981613347881	0.020919073	0.1
WP10	KP0777_AC_WP10	3929	119.07812197819264	126.70639100311477	2.598189724028561	0.09334545380651518	0.5845475264882263	2.537529692484946	0.08174375	0.1
WP10	KP0779_AC_WP10	2180	85.81492850712222	81.69313532491165	3.3437292339120432	0.0	0.8097373516363114	1.9632348580285588	0.085007502	0.1
WP10	KP0782_AC_WP10	7001	61.1116330209461	97.33231309625276	3.33643415689325	0.0	0.6908467502715522	2.507012325406046	0.097368487	0.1
WP10	KP0783_HU_WP10	330	102.0101746859834	79.99402364936944	3.5202687774722867	0.017068362151146883	0.5623617349467159	2.076383924914523	0.029778566	0.1
WP10	KP0785_AC_WP10	248	108.68572866281654	33.373126515125364	2.527359727204076	0.9413868747017585	0.5092656522843781	2.069398108746588	0.023108565	0.1
WP10	KP0786_HU_WP10	137	14.749637324459703	9.878117199848392	2.408402192328181	0.0	0.6462781950359471	1.8737841940889421	0.016239312	0.1
WP10	KP0787_AC_WP10	25528	45.48323002270164	106.14116168589989	3.7852756287921197	0.0009222526042217433	0.6255754561121725	2.2044434864205806	0.225392343	0.1
WP10	KP0788_AC_WP10	175	83.9866113366783	36.39601540815426	4.141654680423438	0.0	0.6899846516935034	1.7912105399845468	0.023093145	0.1
WP10	KP0789_HU_WP10	82	120.74654606760377	23.28070065243117	2.5192131633612016	1.4116871486068419	0.4600149129446773	2.088566136386141	0.01430309	0.1
WP10	KP0790_AC_WP10	1480	76.21160997223149	65.15960475276947	3.33893276777825	0.0	0.5391052898451671	2.1030826226523183	0.054243875	0.1
WP10	KP0792_AC_WP10	2982	103.2244117017921	93.59281311218257	2.2974029032313026	0.031183462442421966	0.5923068715266653	2.94112865502462	0.077749148	0.1
WP10	KP0793_AC_WP10	1961	129.29302409268763	108.44990185872247	3.2962311365215418	0.5091692236599219	0.4700538090468088	1.816555469826426	0.073076653	0.1
WP10	KP0794_AC_WP10	472	107.82372125508289	118.53294819495343	2.8734872313511772	0.0	0.592769928214541	2.3758515725699403	0.031369595	0.1
WP10	KP0795_LM_WP10	9246	31.38398635908749	31.080851618048257	2.511662833156593	0.09848328216627569	0.3748077492354346	1.7012884792454843	0.130734505	0.1
WP10	KP0797_AC_WP10	1432	14.644613102727002	43.78916585040967	2.093064900361145	0.018901193692230485	0.49222362878159126	1.6522360360318618	0.071796183	0.1
WP10	KP0799_AC_WP10	6739	25.143939195780685	79.7903852713238	2.6205214954156375	0.030810956503707288	0.551717671175892	1.7596529556316582	0.113525538	0.1
WP10	KP0800_AC_WP10	1384	20.270266612050616	43.230647456835044	3.0873411842151253	0.00042870885414464	0.6155517200715965	2.6273744678216273	0.05234944	0.1
WP10	KP0801_AC_WP10	1096	43.58814024253481	18.579344672135807	2.707047228837061	0.8234241737920345	0.45720479761436555	2.017309357780176	0.060015132	0.1
WP10	KP0802_AC_WP10	649	46.36382240805283	87.29380665859736	2.310080462880015	0.8660779108395876	0.4627032511035114	3.076528632539967	0.039597321	0.1
WP10	KP0803_HU_WP10	306	41.069441499051564	49.72658873017207	2.593902996720841	0.008874791719959476	0.48657468565000606	1.9722836420069547	0.028802237	0.1
WP10	KP0804_AC_WP10	2636	118.48487719181563	103.98659529473301	3.138926830464133	0.20099385390664778	0.5298226381159747	2.6784246695064975	0.068053588	0.1
WP10	KP0805_HU_WP10	962	113.55270718485805	119.62333080266585	2.3924694714530803	0.4015452635621053	0.4569652477928903	1.8865816055784315	0.04235364	0.1
WP10	KP0808_AC_WP10	8464	38.283687625340775	97.7141827628382	4.825311778165175	0.002441996033415801	0.6014647762271379	2.6110798313989294	0.096862638	0.1
WP10	KP0810_AC_WP10	938	83.06727238570349	50.52852130048764	3.2963908786095697	0.06637623329856003	0.4961157810214017	2.2700209938298523	0.045798079	0.1
WP10	KP0811_AC_WP10	660	19.68472100530301	14.299036396491973	2.0546923993482142	0.3010626937057759	0.5168764837213766	1.670544777614268	0.041588186	0.1
WP10	KP0812_AC_WP10	3788	90.97840024293295	97.30720383325246	3.915197111004525	6.386237730078677e-05	0.5350089855028803	3.1065018531031225	0.092513491	0.1
WP10	KP0815_AC_WP10	16530	46.71699600366265	30.927999381643566	1.8302173542476363	0.09872353110763472	0.3780228821301694	1.3608200840829379	0.209986737	0.1
WP10	KP0816_AC_WP10	2107	50.864753532548036	37.15901549993266	2.2490955159116774	0.7445243228575452	0.4657789368987245	2.725760352283388	0.073793562	0.1
WP10	KP0823_AC_WP10	8190	31.954661442014206	47.60472153171299	4.446304336149411	0.0	0.6312873932594928	1.9239114357150429	0.104907587	0.1
WP10	KP0824_AC_WP10	13053	112.5748800956953	31.25323790514534	1.9004211942105262	0.37177340166878997	0.48164720356459473	2.3523398822873633	0.180007805	0.1
WP10	KP0831_HU_WP10	313	83.19058710839161	97.47874839472307	3.6605543872178976	0.9694448194694545	0.4979752755190908	3.0345450739177604	0.031041346	0.1
WP10	KP0833_AC_WP10	1743	59.64681930151022	39.44550749059257	4.047893255343103	0.06150011047835998	0.5398056516777896	3.0801761016257068	0.045533483	0.1
WP10	KP0835_AC_WP10	3519	119.67524035620049	90.06884691617675	3.319717787360291	0.16362445977068402	0.5480061164580752	3.2739222032315043	0.108192256	0.1
WP10	KP0837_AC_WP10	10947	63.63294150488555	45.35904603627978	4.425020506454133	0.713137574268827	0.7091671997112134	1.3910251236351916	0.175862577	0.1
WP10	KP0845_AC_WP10	226	67.21799249670353	124.26047383634324	3.808144606145598	0.04613366719220041	0.4895269745715998	1.5687819714396392	0.029421457	0.1
WP10	KP0851_AC_WP10	2639	77.95470188522643	98.32693668142657	2.9811343559147465	0.023383169482780707	0.5231063764947418	2.579908729988979	0.072714088	0.1
WP10	KP0857_AC_WP10	35163	11.26027030633063	20.6109778928279	4.205521395835304	0.001163876054715299	0.5667946235777953	2.898150886723292	0.18667931	0.1
WP10	KP0859_HU_WP10	347	123.87018338639805	112.02863897676842	3.342062002697322	0.197625688311985	0.4493661636465543	3.919067824379274	0.030187473	0.1
WP10	KP0861_AC_WP10	1601	73.02274724709412	108.9293967323433	2.9959835678905393	0.005249966699962918	0.4622836452553975	3.0508318741572813	0.061415036	0.1
WP10	KP0879_AC_WP10	2751	82.36058537783116	88.10052936988478	3.1950707279519435	0.0	0.6434333893856803	2.60317622035861	0.073647837	0.1
WP10	KP0881_AC_WP10	5596	48.5652279347118	16.687759169743902	3.9160419257943215	0.0	0.7233195603382255	2.5080092158261498	0.092989537	0.1
WP10	KP0883_AC_WP10	8538	76.4538641479478	84.32856342087734	4.920539099465331	0.034904597140659625	0.5464055959177552	2.9945366916989538	0.132002789	0.1
WP10	KP0885_AC_WP10	5450	72.77054903828238	71.83725227608834	4.232299591751631	0.010800602089836377	0.5692531044101946	2.312354379471877	0.097746786	0.1
WP10	KP0887_AC_WP10	7955	34.874171813515474	61.36823729043964	2.930103460213449	0.31062846622300827	0.35205887061533947	2.338944501578048	0.100533022	0.1
WP10	KP0893_LM_WP10	3483	59.26046942312333	96.83595169032026	1.9845446012463985	0.006211345823648788	0.5051253128783397	1.3679009991919029	0.1180499	0.1
WP10	KP0895_AC_WP10	32261	51.9621467785751	47.528454083998646	2.2317542882527164	0.22545165790972127	0.4679488487886778	1.748256992892591	0.281533196	0.1
WP10	KP0903_HU_WP10	274	52.43748688379039	33.69065301300753	2.493724001669319	0.0	0.6811364670133279	1.6406873921471905	0.023439329	0.1
WP05	KP0950_AC_WP05	10675	19.704437699920902	22.397112822819288	3.397346565246659	0.0011658199606179415	0.610432309066733	1.7422960403217476	0.112416371	0.1
WP05	KP0954_HU_WP05	14	117.05310008840839	44.46696938903508	2.1944364006177417	0.002043176796311995	0.47871070279548145	1.6802241759532983	0.005557964	0.1
WP05	KP0956_HU_WP05	83	31.18213906870472	2.2337494941273928	2.4619668666510273	0.0	0.954145596480539	1.258837647606375	0.012239997	0.1
WP05	KP0958_HU_WP05	44	33.41247930522844	35.814698678800156	1.699045329310959	8.279145207875403e-05	0.35677761024862253	1	0.010768505	0.1
WP05	KP0962_AC_WP05	5203	41.02936930191446	58.29295969669192	2.803467134534954	1.0584046867561097	0.38653548809100924	2.014991446037533	0.111212873	0.1
WP05	KP0963_HU_WP05	193	37.56560379597631	131.3709306330405	2.480334522043238	0.0	0.551922008243448	1.8321396011609703	0.020197963	0.1
WP05	KP0965_AC_WP05	74	98.8216744117373	86.70165655445835	3.1897657982032412	0.0527171214623631	0.5448389293484355	2.7805190511926847	0.012757732	0.1
WP05	KP0966_AC_WP05	1805	55.14730063212847	23.599634853462675	3.0901736981338397	0.0024366166090316055	0.3917793356985144	2.1788448699726364	0.053565578	0.1
WP05	KP0970_HU_WP05	103	30.521368095742723	37.878099263256175	1.8813653896093439	0.1535180454651495	0.48033050761039764	1.897367860451121	0.015010789	0.1
WP05	KP0971_HU_WP05	159	35.069103812237394	14.432911931798978	2.807919068018299	0.0	0.4688611221367182	1.4753091479388425	0.018233408	0.1
WP05	KP0972_HU_WP05	150	61.98082582641317	44.582984277042975	2.294390342341693	0.005095954538785504	0.5532680434962988	1.480729667270425	0.018869295	0.1
WP05	KP0973_HU_WP05	222	44.91433965941958	61.03419041494641	2.814791182632987	0.0012406096947453634	0.5218856596097164	1.7483957913778083	0.022754524	0.1
WP05	KP0974_AC_WP05	3841	45.87551589578173	6.93185790539548	3.969328668908799	0.0	0.7399757951829582	1.6013621754435534	0.087274938	0.1
WP05	KP0977_AC_WP05	138	56.24947443459439	37.53485171092973	3.0876665621073123	0.0	0.749737288383027	1.6279845028161413	0.016717264	0.1
WP05	KP0978_AC_WP05	5473	96.27108974895229	40.03345540515087	6.126713393996622	0.0	0.47510866206179025	1.5820292441104375	0.085486622	0.1
WP05	KP0979_HU_WP05	99	42.41651891128168	37.96170334490591	2.300317679584014	0.0	0.4900194063816866	1.9989650016358427	0.014101384	0.1
WP05	KP0980_HU_WP05	56	45.912085367429725	22.37056159790165	2.451338143820989	0.0	0.7602830301809096	1.514679501411386	0.010425249	0.1
WP05	KP0981_AC_WP05	3953	110.49637850516335	76.65467074144946	3.113071650128457	0.36345709243810814	0.581436905795782	1.8848501199993213	0.094319953	0.1
WP05	KP0982_AC_WP05	11620	7.554861227733661	90.52224639731953	3.417450344615962	0.0	0.6291038210449187	2.2308464790639535	0.118924748	0.1
WP05	KP0983_AC_WP05	1318	124.78181993587052	37.05926627867546	2.570082368974865	0.7570042190987807	0.47028238090839597	1.3855750770947863	0.064631147	0.1
WP05	KP0984_HU_WP05	170	48.86389323081925	58.80834090526179	2.3691868129079867	0.20816741004340847	0.5441492484149351	1.3816105207024958	0.019629966	0.1
WP05	KP0986_HU_WP05	105	45.40800540759008	116.72696029357648	2.6532079434963007	0.056608625790819	0.5926359223347349	1.7797419139641277	0.015568365	0.1
WP05	KP0987_HU_WP05	51	43.69481954081839	114.22988712489756	2.3470424269976893	0.15640082188412138	0.6862631014448425	1.3738248958593555	0.009737762	0.1
