plot_name	sample_name	colony_points	colony_elevation	ground_elevation	colony_rugosity	overhang_prop	outcrop_prop	environment_rugosity	colony_range	environment_range
SB10	KP0051_AC_SB10	6121	52.24828512	61.24278429	1	0.48115806	0.477231211	2.038068326	0.097040024	0.2
SB10	KP0052_AC_SB10	3720	34.48862879	54.12394253	1	0.845081259	0.539530567	1.875333132	0.08269655	0.2
SB10	KP0053_AC_SB10	531	112.2576655	65.7270347	1.840205731	0	0.541424204	1.986681059	0.039859705	0.2
SB10	KP0054_AC_SB10	291	121.2304545	125.6109905	1.795209859	0.03055948	0.534929877	2.506581127	0.033564081	0.2
SB10	KP0056_AC_SB10	178	105.5703187	74.7985523	1.13740366	0.075945291	0.514351304	2.124590941	0.021139549	0.2
SB10	KP0057_AC_SB10	3002	131.558255	100.2285719	1.937830214	0.00623382	0.617017381	1.90995258	0.066567893	0.2
SB10	KP0058_AC_SB10	3938	32.54250787	93.4951982	1.486738352	0.058492491	0.675372926	1.951357225	0.071248696	0.2
SB10	KP0059_AC_SB10	194	83.51037029	35.12129501	1.745436478	0	0.409959693	2.072823289	0.024808335	0.2
SB10	KP0061_AC_SB10	6307	119.3206775	18.69391593	2.010858136	0	0.767412685	1.792956075	0.116094444	0.2
SB10	KP0062_AC_SB10	3612	35.97206756	47.25893528	1.528747458	0.031181144	0.597750862	1.996599261	0.073328225	0.2
SB10	KP0064_AC_SB10	3073	37.7419365	27.38664346	1.665375508	0.000526722	0.601653447	2.173836755	0.06355515	0.2
SB10	KP0065_AC_SB10	864	116.3869216	73.39561103	1.082652479	0	0.593099121	2.07773371	0.039422914	0.2
SB10	KP0066_AC_SB10	4896	26.88763708	84.00976054	1.050517195	0.924449567	0.427775257	2.093984038	0.088418349	0.2
SB10	KP0067_LM_SB10	1700	109.8375733	134.8769667	1.081090175	0.06488034	0.649391601	1.907485158	0.060619272	0.2
SB10	KP0069_AC_SB10	44409	55.07357297	39.54950658	1.357833014	0.008691981	0.606618324	2.28404439	0.214680307	0.2
SB10	KP0070_AC_SB10	2883	106.0954465	41.4562512	1	0.921539174	0.496354173	1.220939169	0.087469375	0.2
SB10	KP0071_AC_SB10	1807	119.0158388	123.4079541	1	0.817926174	0.46033	2.00176253	0.070562333	0.2
SB10	KP0073_HU_SB10	181	40.39730205	36.45488643	1.229054887	0	0.546321079	1.835150397	0.020375636	0.2
SB10	KP0074_AC_SB10	1067	111.2100823	130.2372365	1.346874	0	0.547494734	2.219168107	0.046878399	0.2
SB10	KP0076_AC_SB10	1395	24.12864493	15.20539901	1.071362815	0.226069657	0.443459961	2.277403232	0.054515759	0.2
SB10	KP0077_AC_SB10	572	107.2829258	37.26690341	1.228069484	0.31010512	0.455168876	2.264124286	0.04150118	0.2
SB10	KP0078_AC_SB10	641	6.418844764	34.45232064	1.149352572	0.862809502	0.433013832	1.859273291	0.02975105	0.2
SB10	KP0079_LM_SB10	770	98.59855927	102.3497934	1.653204238	0.757474977	0.434504392	2.052394027	0.041936735	0.2
SB10	KP0082_AC_SB10	6415	27.87831934	16.94894633	1.622337022	0	0.46810578	2.258986177	0.094723234	0.2
SB10	KP0083_AC_SB10	6441	27.08682796	131.1937837	1.382618736	0.018573166	0.449329667	2.35198803	0.09881686	0.2
SB10	KP0084_AC_SB10	420	12.70910256	41.13315097	1.311513797	0.581634712	0.402854332	1.821215716	0.030651662	0.2
SB10	KP0085_AC_SB10	1539	57.05082447	41.89652201	1.373083132	0.8930408	0.375779268	1.684399716	0.057921061	0.2
SB10	KP0086_LM_SB10	5325	37.23309529	31.04255297	1.668855866	0.296233671	0.517236651	1.758729164	0.095980105	0.2
SB10	KP0087_AC_SB10	1594	20.25730556	11.31414635	1.27701397	0.372728903	0.489531096	2.187253821	0.052659712	0.2
SB10	KP0088_AC_SB10	6077	75.7840931	103.6146777	1.930688364	0.049745179	0.618671867	1.722341642	0.11317729	0.2
SB10	KP0089_AC_SB10	6565	33.48690983	19.38054428	1.065076306	0	0.60248649	2.02948394	0.083358004	0.2
SB10	KP0090_AC_SB10	433	44.55590641	40.82932164	1.412873261	0	0.5106755	1.668954995	0.030657233	0.2
SB10	KP0091_HU_SB10	192	28.08295133	126.0120028	1.089367801	0.685857857	0.558838343	1.791717526	0.019180067	0.2
SB10	KP0092_HU_SB10	347	100.806604	106.9761225	1	0.270485326	0.624390044	2.305221634	0.024789292	0.2
SB10	KP0093_HU_SB10	317	55.62111073	49.59722605	1.106232326	0.774155374	0.533213422	2.212620417	0.024560986	0.2
SB10	KP0094_HU_SB10	743	49.62950001	49.7108135	1.108843934	0.201397608	0.49668197	2.025920965	0.038692411	0.2
SB10	KP0095_AC_SB10	417	33.35132527	52.60952135	1.135209315	0.598200463	0.471922424	1.970412086	0.03018057	0.2
SB10	KP0098_AC_SB10	691	37.93025581	14.36079477	1.061083431	0.267332748	0.561475445	2.292084154	0.039705085	0.2
SB10	KP0099_AC_SB10	197	52.64028039	87.66769366	1	0.684974254	0.441000463	1.862232842	0.017943288	0.2
SB10	KP0100_AC_SB10	716	75.42548813	17.15792638	1.350996628	0	0.582390975	2.012971944	0.028064383	0.2
SB10	KP0101_AC_SB10	3307	105.399752	45.02505552	1.076610482	0.086700966	0.708928606	1.698575269	0.083924745	0.2
SB10	KP0102_AC_SB10	16744	116.3576735	30.60406421	1.047775786	0.152691722	0.702020604	2.042396937	0.149905733	0.2
SB10	KP0103_AC_SB10	1453	97.91693794	76.99066805	1	0.252190273	0.624044504	2.298364285	0.047936712	0.2
SB10	KP0104_AC_SB10	1950	113.0476029	25.33439746	2.040034726	0	0.677679258	1.982490432	0.060566152	0.2
SB10	KP0105_AC_SB10	1056	70.84574711	38.72307255	1.362224566	0.021649565	0.739602546	1.872715576	0.038324767	0.2
SB10	KP0107_AC_SB10	4451	52.37194994	66.37776974	1.045332798	0.320136682	0.620078693	1.922205361	0.081643381	0.2
SB10	KP0108_AC_SB10	1793	27.37451895	39.73536596	1.702050937	0.05529645	0.506515574	2.153015762	0.051093048	0.2
SB10	KP0109_LM_SB10	4465	24.47032467	44.47606457	1.093048991	0.846401863	0.444682566	1.844774766	0.087453353	0.2
SB10	KP0112_AC_SB10	1335	34.60935396	7.610868462	1.389211278	0.231356215	0.483421355	1.968727254	0.042757097	0.2
SB10	KP0113_LM_SB10	4555	75.08076693	21.31893191	1	0.092424806	0.595736893	1.814377672	0.085998847	0.2
SB10	KP0116_AC_SB10	3426	122.5753074	16.75192205	2.153160914	0	0.871007677	1.655775468	0.080813459	0.2
SB10	KP0117_AC_SB10	1932	42.68757161	70.56864129	1.011411881	0.312059832	0.508550376	2.279137219	0.054821094	0.2
SB10	KP0119_AC_SB10	7165	8.385341213	32.88543948	1.050925595	0	0.43384751	1.70225811	0.128527709	0.2
SB10	KP0121_AC_SB10	755	113.3703874	23.85731798	1.735580502	0	0.44606109	1.553510619	0.038867015	0.2
SB10	KP0122_AC_SB10	1693	89.08868043	52.21095616	1.660160677	0.230831663	0.477457207	2.13261854	0.050857853	0.2
SB10	KP0123_AC_SB10	11266	44.85881268	8.615592584	1.553656297	0	0.868675991	2.607809255	0.1224403	0.2
SB10	KP0124_AC_SB10	2006	124.7123099	105.8954142	1.466792199	0	0.776063352	1.38686552	0.067441139	0.2
SB10	KP0125_AC_SB10	722	30.67404816	88.36215611	1.129602399	0	0.562560715	1.857166285	0.030057316	0.2
SB10	KP0126_AC_SB10	8517	20.8676138	43.11043296	1.514719223	0	0.540331862	1.856962801	0.150143223	0.2
SB10	KP0127_AC_SB10	6216	4.532750289	13.78135091	1.411848417	0	0.745835413	1.692032009	0.105998217	0.2
SB10	KP0128_LM_SB10	278	42.24930075	59.6927296	1.293281151	0.291638551	0.458824733	1.747062763	0.027374082	0.2
SB10	KP0129_AC_SB10	1823	35.18977138	6.902283343	1.616885057	0	0.706866122	1.647243872	0.047252083	0.2
SB05	KP0130_AC_SB05	661	102.5020433	36.04031071	1.114753312	1.324883166	0.485849784	1.432706052	0.027113179	0.2
SB05	KP0132_HU_SB05	531	60.16918911	53.03121707	1.507002988	0.009085696	0.605774372	2.18728869	0.029241196	0.2
SB05	KP0133_HU_SB05	641	43.75212821	55.47910815	1.2904358	0.264638422	0.488667371	1.883251065	0.029691595	0.2
SB05	KP0134_HU_SB05	165	61.40292281	62.97340409	1.747015729	0.0216256	0.323464489	1.348715895	0.021112689	0.2
SB05	KP0135_HU_SB05	949	56.23350723	37.25052625	1.189458735	0.013239651	0.766158392	1.677426211	0.034287233	0.2
SB05	KP0137_HU_SB05	352	88.36437079	20.17352851	1.167604502	0.439830213	0.408697291	1.464755387	0.022478684	0.2
SB05	KP0138_HU_SB05	58	84.31923984	111.6639075	1	0.0217339	0.406535994	1.719356774	0.009273946	0.2
SB05	KP0140_HU_SB05	304	79.93211193	74.40985581	1	0.100945408	0.284173425	1.305729427	0.016879703	0.2
SQ12	KP0150_AC_SQ12	179	31.86138041	58.64873166	1.415399153	0.045339244	0.687955739	1.85094103	0.013407498	0.2
SQ12	KP0151_AC_SQ12	753	125.5486797	8.685261794	1.896100484	0	0.693658726	2.428519439	0.024795817	0.2
SQ12	KP0152_AC_SQ12	4760	46.98954804	84.13575256	1.737106108	0	0.68724971	1.783080397	0.065616753	0.2
SQ12	KP0153_AC_SQ12	1756	70.5468223	39.77779976	2.162305588	0.013736612	0.577335409	2.073852034	0.038253875	0.2
SQ12	KP0154_AC_SQ12	17410	80.3327129	119.9835973	1.764718062	0	0.569882974	1.914361999	0.115104386	0.2
SQ12	KP0155_AC_SQ12	2839	114.2938894	57.3770916	2.294493161	0	0.541902357	2.035644625	0.054108051	0.2
SQ12	KP0156_AC_SQ12	10552	127.1375458	34.26729704	1.369495753	0.328126984	0.441168166	2.139737365	0.090381795	0.2
SQ12	KP0157_AC_SQ12	1112	118.3802774	13.11175827	1.634084395	0	0.554307965	1.872438739	0.031117247	0.2
SQ12	KP0158_AC_SQ12	3674	79.54697459	32.16274947	1.327863983	0	0.580246678	2.156076753	0.052326374	0.2
SQ12	KP0161_AC_SQ12	171	62.13157497	45.34953321	1.014997114	0.542126986	0.49536533	2.155598652	0.015481909	0.2
SQ12	KP0162_AC_SQ12	3630	103.9899623	47.43988296	1.743226379	0.036867676	0.502921787	1.843405832	0.055063544	0.2
SQ12	KP0164_AC_SQ12	1309	39.15676764	20.3068761	1.238112531	0.553887847	0.494029657	1.526205571	0.038862074	0.2
SQ12	KP0165_AC_SQ12	539	31.87311378	41.48401081	1.148448823	0.14254855	0.523321877	1.501334755	0.028923323	0.2
SQ12	KP0167_AC_SQ12	1174	74.89457807	95.01492187	1	0.00983882	0.526642128	2.002007002	0.037375723	0.2
SQ12	KP0172_AC_SQ12	5611	131.4597229	38.10698308	1.463400768	0.022724835	0.614835206	2.734720622	0.07082238	0.2
SQ12	KP0174_AC_SQ12	852	109.1539965	84.50642857	1.102838088	0.011367355	0.534108816	2.586578491	0.035752221	0.2
SQ12	KP0175_AC_SQ12	1614	98.68924677	52.87276274	1.569019211	0	0.488542548	2.193364118	0.040663719	0.2
SQ12	KP0176_AC_SQ12	75	107.7048069	104.4158844	1.101082013	0.08137279	0.518545046	2.678309571	0.010288037	0.2
SQ12	KP0177_AC_SQ12	1340	104.4909585	99.02337469	1.109797447	0.265253833	0.552017349	2.025501448	0.040706328	0.2
SQ12	KP0178_AC_SQ12	9247	36.00331663	34.73882729	1.08608301	0.313569765	0.522885838	1.669621387	0.1215172	0.2
SQ12	KP0179_AC_SQ12	9678	43.70910483	45.05667114	1.024985676	0.478492958	0.504145973	2.868118404	0.111138107	0.2
SQ12	KP0180_AC_SQ12	7123	39.94097777	51.26265684	1	0.176124209	0.631304879	1.891221459	0.127584074	0.2
SQ12	KP0186_LM_SQ12	45937	80.33793795	36.49148628	1.383656721	0.148218081	0.428273863	1.883954557	0.222417973	0.2
SQ12	KP0187_AC_SQ12	2079	106.1304121	68.3208325	1.659429876	0.015419572	0.602750976	2.393251302	0.046760295	0.2
SQ12	KP0188_AC_SQ12	1522	48.61245252	60.49438791	1	1.042153872	0.510715523	2.346076962	0.046841979	0.2
SQ12	KP0189_AC_SQ12	32075	24.23108409	31.15289196	2.109380647	0	0.823169954	2.140297225	0.123448717	0.2
SQ12	KP0190_AC_SQ12	18161	124.3273525	16.11669279	1.394494572	0	0.539964799	1.659690225	0.132890988	0.2
SQ12	KP0192_AC_SQ12	2808	85.5214818	52.69267172	1.577596034	0.006909342	0.519005773	1.477196966	0.056627882	0.2
SQ12	KP0194_AC_SQ12	7485	81.8258716	64.56912786	1	0.821333718	0.510986521	1.859485687	0.09773634	0.2
SQ12	KP0195_AC_SQ12	1225	28.20042745	80.67079091	1.286850071	0.227443481	0.484954518	1.560546956	0.040182939	0.2
SQ12	KP0196_AC_SQ12	5648	40.76415989	28.60495027	1.361900703	0	0.530669609	2.014134956	0.074640234	0.2
SQ12	KP0198_AC_SQ12	9327	46.57541309	47.78201698	1.156303824	0	0.681116629	2.296362314	0.093595784	0.2
SQ12	KP0199_AC_SQ12	24900	128.681001	44.31811543	1	0.190842195	0.415255042	2.040555853	0.12790651	0.2
SQ12	KP0200_AC_SQ12	8617	124.0267431	102.1143549	1.108099391	0.660332268	0.718632217	2.255448207	0.105822362	0.2
SQ12	KP0201_AC_SQ12	5249	134.6067037	129.9713641	1.12596202	0	0.882062824	2.029791053	0.071485714	0.2
SQ12	KP0202_AC_SQ12	861	115.8876631	44.4954024	1.249360563	0.001213432	0.473027992	1.931136183	0.037793896	0.2
SQ12	KP0203_AC_SQ12	38091	52.08347737	28.10474057	1.466976491	0.311239425	0.489499309	2.107564197	0.152750972	0.2
SQ12	KP0204_AC_SQ12	9196	81.74685399	110.0727613	1.358021243	0.001215929	0.72722586	2.02501867	0.083387047	0.2
SQ12	KP0205_AC_SQ12	9440	32.27534266	43.34294694	1.283792321	0.053154665	0.459174227	2.377290856	0.098878101	0.2
SQ12	KP0206_AC_SQ12	546	33.65562304	47.45076516	1.537927095	0	0.480491004	2.300695907	0.030025339	0.2
SQ12	KP0207_LM_SQ12	7390	35.39084261	56.97251373	1.212361654	0.013546349	0.421236897	1.76058148	0.097934933	0.2
SQ12	KP0208_AC_SQ12	14308	79.04795084	22.47862379	2.524904174	0	0.478238793	2.181175558	0.104262274	0.2
SQ12	KP0209_AC_SQ12	1549	12.03639794	131.5346216	1.083756635	0.560008408	0.416849825	1.999968307	0.036135251	0.2
SQ12	KP0210_AC_SQ12	7782	43.24502698	130.4229282	1.324026851	0.275084915	0.56876331	1.968754492	0.0924261	0.2
SQ12	KP0211_AC_SQ12	596	37.33928772	45.67198955	1.842233575	0	0.66987702	1.950670462	0.027203409	0.2
SQ20	KP0213_AC_SQ20	2079	42.54902101	53.88309197	1.863963459	0.004189249	0.655821287	1.488370976	0.051319981	0.2
SQ20	KP0214_AC_SQ20	926	47.75247415	38.69095457	1.863612551	0	0.651312243	1.977384579	0.042311978	0.2
SQ20	KP0215_AC_SQ20	950	89.10805577	103.7051229	1.219490591	0.72151529	0.615086872	1.97834712	0.034448638	0.2
SQ20	KP0216_AC_SQ20	9093	17.83854941	4.422889836	1.589657269	0	0.806904706	1.726535808	0.087054816	0.2
SQ20	KP0217_AC_SQ20	1072	87.33657631	68.95674641	1.676556357	0.246688572	0.507172035	1.669410094	0.036696859	0.2
SQ20	KP0218_AC_SQ20	13175	36.27871804	42.22395916	1.530866142	0.008572707	0.741368123	1.535114969	0.144077045	0.2
SQ20	KP0219_AC_SQ20	6729	29.69104821	48.05508216	1.396813921	0.004974711	0.48456643	1.664947825	0.077673031	0.2
plot_name	sample_name	colony_points	colony_elevation	ground_elevation	colony_rugosity	overhang_prop	outcrop_prop	environment_rugosity	colony_range	environment_range
SQ20	KP0221_AC_SQ20	712	52.76475738	73.99979847	1.059610439	0.020300408	0.841928719	1.755363762	0.030297233	0.2
SQ20	KP0222_AC_SQ20	437	86.46528711	92.48312673	1.397171103	0	0.612361888	2.645760428	0.023239104	0.2
SQ20	KP0223_AC_SQ20	214	40.77295203	45.95087903	1.435811304	0.93352857	0.441507266	1.450850598	0.015948707	0.2
SQ20	KP0224_AC_SQ20	823	25.77782665	45.21093447	1.091350754	0.022547481	0.600001328	1.332086872	0.042555857	0.2
SQ20	KP0225_AC_SQ20	2436	27.54908871	33.27042355	1	0.002852638	0.537410462	1.227943572	0.080544883	0.2
SQ20	KP0226_AC_SQ20	5130	27.66450535	32.30349696	1.08530402	0.041434013	0.47599786	1.436156165	0.082031336	0.2
plot_name	sample_name	colony_points	colony_elevation	ground_elevation	colony_rugosity	overhang_prop	outcrop_prop	environment_rugosity	colony_range	environment_range
SQ20	KP0228_AC_SQ20	1117	89.45459374	81.68859729	1.212697778	0.006018581	0.483843218	1.706806077	0.037440487	0.2
SQ20	KP0229_AC_SQ20	9152	51.31140561	72.51407644	1.263757081	0.732980607	0.475724779	2.12224255	0.102136012	0.2
plot_name	sample_name	colony_points	colony_elevation	ground_elevation	colony_rugosity	overhang_prop	outcrop_prop	environment_rugosity	colony_range	environment_range
SQ20	KP0231_AC_SQ20	141	86.16542305	80.26453122	1.747676836	0.006453229	0.780470907	2.519556096	0.017375642	0.2
SQ20	KP0232_AC_SQ20	1352	66.31145798	44.12255493	1.109274776	0.078067336	0.783303977	2.406866012	0.037636874	0.2
SQ20	KP0233_AC_SQ20	567	131.9421602	83.86382672	1.163096897	0.489200467	0.510045131	2.614622735	0.028088019	0.2
SQ20	KP0234_LM_SQ20	2397	53.74716999	27.20010907	1.130489266	0.002918384	0.825439278	1.150592099	0.071126695	0.2
SQ20	KP0235_AC_SQ20	2772	109.0621403	39.09673524	1.757759489	0	0.875631748	1.47746737	0.074952985	0.2
SQ20	KP0236_AC_SQ20	2372	64.90229467	50.19988115	1.810345853	0	0.489256778	2.227917186	0.061885318	0.2
SQ20	KP0237_AC_SQ20	1977	57.12066901	62.99926364	1.957714399	0.003831765	0.649496109	1.534051255	0.051645476	0.2
SQ20	KP0238_AC_SQ20	650	54.24876796	42.44728429	1.199269142	0.032470909	0.748855311	1.576552381	0.028568568	0.2
SQ20	KP0239_AC_SQ20	632	24.24325907	39.59487998	1.25447898	0	0.892577002	1.461155426	0.031424313	0.2
SQ20	KP0240_AC_SQ20	561	62.6458076	68.02957765	1.030832764	0.124261359	0.532266088	1.756195504	0.027199013	0.2
SQ20	KP0241_AC_SQ20	3073	130.7690267	86.92329551	1.392948429	0.046746442	0.712806464	1.727742537	0.069191955	0.2
SQ20	KP0242_AC_SQ20	1690	44.189254	36.69683636	1.627295571	0	0.477872947	1.205374641	0.052603107	0.2
SQ20	KP0243_AC_SQ20	895	31.46726714	10.52176014	1	0	0.500772964	1.385955508	0.030418958	0.2
SQ20	KP0248_AC_SQ20	2102	25.46100975	4.194687671	1.517749464	0	0.477807126	1.578347118	0.055294909	0.2
SQ20	KP0249_LM_SQ20	27200	36.01465922	27.37075547	1.178648613	0.008438227	0.525577789	1.613825932	0.171075894	0.2
SQ20	KP0250_AC_SQ20	1654	93.92354679	89.79004375	1.815447337	0.008191917	0.780181166	2.005200491	0.053024383	0.2
SQ20	KP0251_AC_SQ20	1227	59.50902245	90.92160974	1.376501023	0	0.640815759	1.793913918	0.046835802	0.2
SQ20	KP0252_LM_SQ20	15621	131.9157196	38.7995718	1.365302639	0.40699886	0.455196316	2.046144935	0.139424517	0.2
SQ20	KP0253_LM_SQ20	6836	20.45896321	17.53927056	1.084101938	0.034713694	0.542357444	1.744047877	0.093881131	0.2
SQ20	KP0254_LM_SQ20	7554	32.43163163	65.98155017	1.306768599	0.023479765	0.511303771	1.619903438	0.092068825	0.2
SQ20	KP0255_AC_SQ20	2212	62.79805635	48.45575715	2.031924954	0	0.505513499	1.995987781	0.052511035	0.2
SQ20	KP0256_AC_SQ20	4268	128.7710885	99.92772623	1.810900433	0	0.558417278	1.6493554	0.071983754	0.2
SQ20	KP0257_AC_SQ20	586	44.14517606	78.29797755	1.631355129	0.076545592	0.558695659	1.773625821	0.032550678	0.2
SQ20	KP0258_AC_SQ20	5001	121.7679257	34.27745007	2.052362617	0.067747184	0.545756866	1.9733147	0.063356146	0.2
SQ20	KP0259_AC_SQ20	23895	36.23447266	54.66259742	1.147876027	0	0.723811976	1.767398466	0.164882198	0.2
SQ20	KP0260_AC_SQ20	211	42.16912511	39.68690261	1.016816216	0	0.491033564	1.940397582	0.016222696	0.2
SQ20	KP0261_AC_SQ20	526	110.6877073	39.72306498	1.552924264	0.015071304	0.502126681	1.876107086	0.024136755	0.2
SQ20	KP0262_AC_SQ20	3755	123.2847965	56.56866378	1.621505479	0.169502445	0.505963482	1.791236754	0.055526074	0.2
SQ20	KP0263_AC_SQ20	104	9.638210554	65.29994467	1.743139092	0.488642573	0.538228075	1.797194557	0.012536822	0.2
SQ20	KP0265_AC_SQ20	1597	72.78760654	46.4584379	1.634432406	0	0.557199336	2.142005503	0.038871696	0.2
SQ20	KP0266_AC_SQ20	595	43.38663781	67.72185409	1.668184353	0	0.854490921	1.807098893	0.025985254	0.2
SQ20	KP0267_AC_SQ20	197	76.56639567	43.22453156	1.794780895	0.355488612	0.73504875	2.036022957	0.016852031	0.2
SQ20	KP0269_AC_SQ20	184	21.90594753	89.8994832	1.540551378	0	0.733778505	1.965460155	0.015362165	0.2
SQ20	KP0270_AC_SQ20	36	17.98708706	73.35216979	1.770639459	0.002540618	0.657625559	2.067602766	0.005801393	0.2
SQ20	KP0272_AC_SQ20	2084	39.21248011	71.26499512	1.183145245	0.222017732	0.663209955	1.758171843	0.047631623	0.2
SQ20	KP0273_AC_SQ20	3830	89.09758231	69.50734013	1.679578358	0	0.807974505	1.855982961	0.05719406	0.2
SQ20	KP0274_AC_SQ20	817	22.50859921	81.7493894	1.207380514	0.170257797	0.651866736	2.471655696	0.035559744	0.2
SQ20	KP0275_AC_SQ20	2509	78.95383213	17.35661152	1.721560875	0	0.816496281	2.236653621	0.043248569	0.2
SQ20	KP0276_AC_SQ20	2187	90.35430998	81.22735622	1.654129406	0	0.84341318	1.955978272	0.046161105	0.2
SQ20	KP0277_AC_SQ20	2673	99.16458748	35.78612487	1.727467263	0	0.692716954	2.43085398	0.043487847	0.2
SQ20	KP0278_AC_SQ20	1821	45.5326494	58.70474253	1.541455088	0.12169504	0.6282826	2.356093142	0.042988216	0.2
SQ20	KP0279_AC_SQ20	10205	81.62035183	47.56266957	1.85593583	0	0.77024167	1.920590746	0.114297711	0.2
SQ20	KP0280_AC_SQ20	2352	102.7833557	43.80098079	1.796548438	0	0.599929578	1.848016499	0.048432598	0.2
SQ20	KP0281_AC_SQ20	275	115.393349	97.83023735	1.643211637	0.003633015	0.589482315	1.836154363	0.016696424	0.2
plot_name	sample_name	colony_points	colony_elevation	ground_elevation	colony_rugosity	overhang_prop	outcrop_prop	environment_rugosity	colony_range	environment_range
SQ20	KP0285_LM_SQ20	8783	15.3819078	33.45580831	1	0.394494493	0.357735037	1.491050434	0.106943019	0.2
SQ20	KP0286_AC_SQ20	6951	130.010156	68.54341123	2.162304037	0	0.77839111	1.844379356	0.076376654	0.2
WP20	KP0287_LM_WP20	8401	113.9957585	115.1865477	1	0.315723292	0.362270104	1.513067388	0.16147726	0.2
WP20	KP0288_LM_WP20	17957	45.43022274	123.4584207	1.559517199	0.029966034	0.472481309	1.551355568	0.192994663	0.2
WP20	KP0289_AC_WP20	3127	25.36264909	34.26167807	1.524463086	0.000716807	0.585140292	1.416338798	0.085249126	0.2
WP20	KP0290_LM_WP20	4280	23.77322908	17.46407203	1.177427844	0	0.52703697	1.730309893	0.101559936	0.2
WP20	KP0291_AC_WP20	536	76.86904105	120.7003264	1.182402747	0.931003699	0.511860235	2.163670774	0.036430248	0.2
WP20	KP0292_AC_WP20	1009	85.04770185	90.16738646	2.06464645	0	0.869215708	2.224602724	0.042026475	0.2
WP20	KP0293_LM_WP20	25132	123.9415602	128.4576449	1.142242325	0.01174564	0.474773181	1.559402607	0.201365218	0.2
WP20	KP0294_AC_WP20	1847	78.12214438	104.0200034	1.019324012	0.64231687	0.488667845	1.884478233	0.072092662	0.2
WP20	KP0295_AC_WP20	12044	40.45884836	20.24407256	1.352946356	0.01947226	0.664371385	2.224635005	0.139251631	0.2
WP20	KP0296_AC_WP20	428	38.27836358	117.2738395	1.686909002	0	0.599337304	1.762244957	0.027384867	0.2
WP20	KP0297_AC_WP20	404	60.11497445	68.24968412	1.345738642	0.002815094	0.535854615	2.224419944	0.034853831	0.2
WP20	KP0298_AC_WP20	1030	29.50642513	61.6738683	1	0.227158071	0.466608201	2.503790445	0.054389468	0.2
WP20	KP0299_AC_WP20	904	65.31810513	71.87769702	1.394525886	0	0.548875985	1.984065842	0.039084596	0.2
WP20	KP0300_AC_WP20	1253	93.44865444	99.27381492	1.234479215	0.270527815	0.600835531	2.216966053	0.040144848	0.2
WP20	KP0301_AC_WP20	407	64.93926148	13.33785222	1.510059051	0	0.619498263	2.423189185	0.034438942	0.2
WP20	KP0302_AC_WP20	373	40.89494016	6.013933564	1.102958131	0.325749455	0.468929461	2.583328318	0.027537488	0.2
WP20	KP0303_AC_WP20	1886	78.63252927	90.04667928	2.062555853	0	0.650981283	2.811071158	0.057614196	0.2
WP20	KP0304_AC_WP20	10533	92.09915866	93.13399433	1	0	0.540206957	2.61496488	0.117157139	0.2
WP20	KP0305_AC_WP20	3806	88.86843711	100.785223	1.505154661	0	0.812858649	2.071244273	0.090841802	0.2
WP20	KP0306_LM_WP20	2936	27.82903923	38.81264966	1.062441121	1.38E-05	0.668895903	1.330017804	0.092564074	0.2
WP20	KP0309_AC_WP20	2041	84.72201427	95.22749545	1.096549936	0.239727205	0.527159738	2.334495204	0.074352446	0.2
WP20	KP0310_AC_WP20	10786	70.25046007	62.49906446	1.481218007	0	0.798408526	2.766156876	0.145466262	0.2
WP20	KP0311_AC_WP20	503	42.40711526	11.24780112	1.229892445	0	0.674998508	2.217973407	0.036375614	0.2
WP20	KP0312_AC_WP20	358	104.9999015	92.55933108	1.766715297	0	0.702727178	2.365118253	0.032476206	0.2
WP20	KP0313_AC_WP20	1514	93.6893136	103.961449	1	0	0.681231028	2.171828189	0.060391521	0.2
WP20	KP0315_AC_WP20	1466	68.78752284	83.31101727	1.788773963	0	0.602798847	2.009271745	0.048023661	0.2
WP20	KP0316_AC_WP20	110	74.09038637	44.38480398	1.232037367	0	0.624673066	2.121695032	0.016541622	0.2
WP20	KP0317_AC_WP20	268	109.3209006	88.81496083	1.595302858	0.020952016	0.520400822	2.249186811	0.028740081	0.2
WP20	KP0318_LM_WP20	660	49.44647543	41.93269864	1.20466765	0.005400703	0.60772338	1.457121803	0.040168077	0.2
WP20	KP0319_LM_WP20	3416	49.07625727	37.85199303	1	0.617695614	0.258357322	1.510994943	0.082207723	0.2
WP20	KP0320_LM_WP20	7581	21.38534728	30.68727301	1	0.834909396	0.162075859	1.227591329	0.14591122	0.2
WP20	KP0321_LM_WP20	937	53.54387202	49.31210516	1.085030353	0.073230027	0.547532291	1.598437822	0.048951779	0.2
WP20	KP0322_LM_WP20	40635	28.52261201	45.28719028	1.155795559	0.192173791	0.472396999	1.522716472	0.301774182	0.2
plot_name	sample_name	colony_points	colony_elevation	ground_elevation	colony_rugosity	overhang_prop	outcrop_prop	environment_rugosity	colony_range	environment_range
plot_name	sample_name	colony_points	colony_elevation	ground_elevation	colony_rugosity	overhang_prop	outcrop_prop	environment_rugosity	colony_range	environment_range
WP20	KP0325_AC_WP20	1525	54.40606384	58.75165342	1.172990724	0.007271995	0.593737429	2.367174733	0.047099768	0.2
WP20	KP0326_AC_WP20	2732	44.48296376	46.64711204	1	0	0.792605976	1.81516133	0.070991224	0.2
WP20	KP0327_AC_WP20	4667	91.68819738	41.82658494	1.313698506	0.444608418	0.538495076	2.48646466	0.096191563	0.2
WP20	KP0328_LM_WP20	2579	38.38236958	48.1508377	1.126570953	0.025822591	0.515036345	1.840932945	0.065765295	0.2
WP20	KP0329_AC_WP20	5516	51.88027063	70.27587092	1.0963405	0.108486568	0.555497192	2.022079675	0.096745034	0.2
WP20	KP0330_LM_WP20	10800	27.08259256	37.29679545	1.329967134	0.029108144	0.561790301	1.981039689	0.129048613	0.2
WP20	KP0331_AC_WP20	3886	15.53474787	32.73242151	1.022289706	0.25769348	0.49990655	2.38940841	0.084225709	0.2
WP20	KP0332_AC_WP20	3835	75.62876463	48.72124916	1.429481091	0	0.670695949	2.242776635	0.068506105	0.2
WP20	KP0333_AC_WP20	268	58.16216607	76.16534218	1.551927505	0	0.728231984	2.02284559	0.024774088	0.2
WP20	KP0334_AC_WP20	2637	101.9436785	57.28248738	1.160292904	0.592077764	0.661691857	2.21049492	0.059932307	0.2
WP20	KP0335_AC_WP20	691	77.87274131	41.51054223	2.088818146	0	0.903443324	1.513807191	0.043311154	0.2
WP20	KP0336_AC_WP20	1281	32.48221704	119.0501321	1.424528226	0	0.857548161	1.766944569	0.048816625	0.2
WP20	KP0337_AC_WP20	1316	120.8620306	36.5257539	1.287758568	0	0.864854898	1.708380208	0.043537488	0.2
WP20	KP0338_AC_WP20	6594	79.27542373	83.21904787	1.469967197	0	0.722857739	1.89213159	0.156696482	0.2
WP20	KP0339_AC_WP20	338	73.54220995	20.07044051	1.548657848	0.200172521	0.496423864	1.641862752	0.026908545	0.2
WP20	KP0340_AC_WP20	7432	33.01616752	52.15722134	1.237453877	0.046305703	0.500269276	1.63461965	0.157455789	0.2
WP20	KP0341_LM_WP20	5320	65.13596977	75.21811068	1	0.095391955	0.455978227	1.630913508	0.114100817	0.2
WP20	KP0342_LM_WP20	24460	75.392196	2.576813016	1.150506123	0.071027811	0.367319253	1.799208004	0.239162946	0.2
WP20	KP0343_LM_WP20	5372	37.24299406	78.62041762	1.207118626	0.163742033	0.423529461	1.866317725	0.108261889	0.2
WP20	KP0344_LM_WP20	48264	46.25507237	80.62801877	1.285361524	0.006273057	0.579391887	2.024353114	0.270492948	0.2
WP20	KP0345_LM_WP20	23717	83.67020365	129.168738	1.646414292	0.005673822	0.422725218	1.933551923	0.199093188	0.2
WP20	KP0346_AC_WP20	2433	129.4488282	93.62488398	2.170186183	0.000415479	0.542189065	2.041424249	0.068671136	0.2
WP20	KP0347_AC_WP20	5398	51.61625522	117.8696928	1.032269293	0.022185289	0.573544309	1.890383882	0.125019598	0.2
WP20	KP0348_LM_WP20	29969	55.49746246	49.20090432	1.269613645	0.073513345	0.52934867	1.914224529	0.23662816	0.2
WP20	KP0349_LM_WP20	48635	37.06144109	40.70336843	1.428478835	0.009219155	0.524266191	1.945066641	0.273026254	0.2
WP20	KP0350_LM_WP20	90063	56.92486486	20.61204796	1.299308358	0.157844491	0.404673596	1.868360483	0.382630162	0.2
WP20	KP0351_AC_WP20	2321	102.277315	19.45141452	2.254782451	0	0.493807146	2.661459641	0.071284025	0.2
WP20	KP0352_AC_WP20	10434	83.28580296	73.57374194	1.99091216	0	0.756914723	2.499190744	0.11104871	0.2
WP20	KP0353_AC_WP20	9398	89.61673244	35.56878107	1.992494364	0	0.524994535	2.320873737	0.142079368	0.2
WP20	KP0354_AC_WP20	364	36.63777278	36.37790587	1.368661355	0.053502547	0.602954236	2.505016046	0.030967317	0.2
WP20	KP0355_AC_WP20	3306	100.8135054	100.4667408	1.440588771	0.001417747	0.743274026	2.5621766	0.073118932	0.2
WP20	KP0356_AC_WP20	7437	84.56651024	31.6783477	1.781445096	0	0.587676271	2.338714334	0.11949222	0.2
plot_name	sample_name	colony_points	colony_elevation	ground_elevation	colony_rugosity	overhang_prop	outcrop_prop	environment_rugosity	colony_range	environment_range
WP20	KP0358_AC_WP20	43176	44.36668482	41.31983616	1.597888477	0.001447061	0.604789111	2.242332627	0.232544779	0.2
WP20	KP0359_AC_WP20	1052	55.60609126	113.9619177	1.714189309	0	0.655534392	1.884057256	0.055136485	0.2
WP20	KP0360_AC_WP20	952	95.66711926	86.04505348	2.002524298	0	0.74203119	2.297874217	0.056295063	0.2
WP20	KP0361_AC_WP20	918	82.04709722	94.30762142	1.931018049	3.83E-05	0.715116863	2.298392777	0.048960427	0.2
WP20	KP0362_AC_WP20	846	73.50908719	62.69006877	1.592914724	0	0.64892752	2.334112172	0.051333062	0.2
WP20	KP0363_AC_WP20	4087	68.73924294	125.3258125	1.388459556	0.106632097	0.524690331	2.444390458	0.099460385	0.2
WP20	KP0364_AC_WP20	12162	106.4862665	99.13421897	1.374306935	0.018539888	0.725107501	2.866141081	0.148569407	0.2
WP20	KP0365_AC_WP20	840	87.3027265	84.1176141	1.826962601	0.152375273	0.581165536	2.86068997	0.037198058	0.2
WP20	KP0366_AC_WP20	112	118.6223547	85.94571396	1.9869786	0	0.501360229	3.312785403	0.019753643	0.2
WP20	KP0367_AC_WP20	1353	82.27969067	40.97459986	1.894213422	0	0.791840115	2.522647263	0.055949553	0.2
WP20	KP0368_AC_WP20	925	82.46423068	86.8206034	2.159902778	0	0.581937661	1.796025543	0.048004886	0.2
WP20	KP0369_AC_WP20	5983	43.60268992	77.97505969	1.206520987	0.029583922	0.466380195	2.156188566	0.125566158	0.2
WP20	KP0370_AC_WP20	10545	20.46239301	6.001956451	1.74747197	0.072583208	0.546259341	2.219473753	0.117270476	0.2
WP20	KP0371_AC_WP20	358	82.1074454	24.0559913	1.292637814	0.095847123	0.473335528	2.396043089	0.033696931	0.2
WP20	KP0372_AC_WP20	20312	102.6913134	9.601485552	2.1625027	0	0.68371118	2.439840796	0.163286081	0.2
WP20	KP0373_AC_WP20	793	50.90215463	131.9856039	1.266738165	0.103494768	0.492232068	2.169787405	0.042335217	0.2
WP20	KP0374_AC_WP20	12804	70.05871035	117.096418	1.20603951	0.113127756	0.491101175	1.983660783	0.165208639	0.2
WP20	KP0375_LM_WP20	8511	19.23654536	116.6864958	1.094055701	0.455801065	0.422176157	2.241320569	0.135602584	0.2
WP20	KP0376_LM_WP20	8863	132.3614021	124.1216168	1	0.038690125	0.346087723	1.744148348	0.133653429	0.2
WP20	KP0377_LM_WP20	23955	88.40319227	23.47675251	1.395566259	0.001120351	0.616948084	1.832458143	0.198520415	0.2
WP20	KP0378_AC_WP20	276	45.78802783	40.68952679	1	0.041871165	0.860878639	1.884392657	0.025266722	0.2
WP20	KP0379_AC_WP20	19	42.89349736	45.88623291	1.705386611	0	0.550751658	1.516215099	0.005621714	0.2
WP20	KP0380_LM_WP20	4203	35.82554447	38.4585763	1	0.477298978	0.377976293	1.843807196	0.088943434	0.2
WP20	KP0381_AC_WP20	5627	79.27300821	122.5590592	1	0.265185428	0.657642743	2.146066499	0.123204276	0.2
WP20	KP0382_AC_WP20	509	90.92044905	71.28408056	1	0.314440686	0.714277875	1.840259935	0.041059972	0.2
WP20	KP0383_AC_WP20	2484	108.8729383	104.6184118	1	0.774271904	0.481048397	1.976073053	0.092074805	0.2
WP20	KP0384_AC_WP20	16268	41.19394978	41.77546491	1	0.376867824	0.516485017	1.765301898	0.208410808	0.2
WP20	KP0385_AC_WP20	7624	29.87953667	118.8774909	1	0.036277949	0.765782798	1.737557645	0.159628158	0.2
WP20	KP0386_AC_WP20	178	120.7423264	25.75649113	1.245322489	0	0.697158621	1.624701627	0.02891163	0.2
plot_name	sample_name	colony_points	colony_elevation	ground_elevation	colony_rugosity	overhang_prop	outcrop_prop	environment_rugosity	colony_range	environment_range
WP20	KP0388_AC_WP20	263	113.4551397	56.43274506	1	0.037429325	0.573024214	1.81254768	0.035238071	0.2
WP20	KP0389_AC_WP20	329	24.56200407	100.7064514	1	0	0.939140724	1.748595357	0.039344464	0.2
WP20	KP0390_AC_WP20	45	84.4410418	32.8214251	1	0	0.709287233	1.824373351	0.011703848	0.2
WP20	KP0391_LM_WP20	20988	50.2318825	2.819136979	1.077280705	0.051942693	0.563804351	1.809696104	0.185516807	0.2
WP20	KP0392_AC_WP20	2135	100.1744145	85.35448391	1.573152153	0.206416492	0.575553581	1.452928228	0.061720577	0.2
WP20	KP0393_AC_WP20	184	61.65911844	70.52093696	1.373878389	0.011958436	0.60216934	1.904703428	0.022032258	0.2
WP20	KP0394_AC_WP20	1786	18.91229455	53.18365997	1.872019162	0	0.733719295	1.681097309	0.053877794	0.2
WP20	KP0395_AC_WP20	124	130.7349049	15.74356283	1.80549246	0	0.740419107	1.625281263	0.019780927	0.2
WP20	KP0396_AC_WP20	203	41.78249628	133.5314984	1.550184727	0	0.632946552	1.754363796	0.020102184	0.2
WP20	KP0397_AC_WP20	302	30.6524676	111.8824799	2.412345621	0.015096446	0.658561455	1.623185402	0.028851072	0.2
WP20	KP0399_LM_WP20	3058	53.67569897	53.47891961	1.190950425	0.379319665	0.353249501	1.682991143	0.081467845	0.2
WP20	KP0400_LM_WP20	135059	32.11616402	37.55962835	1.278999584	0.294806191	0.334340674	2.164540967	0.409959813	0.2
WP20	KP0401_AC_WP20	1881	50.30891824	47.68722147	1.048968858	0.054926527	0.62560901	2.169619544	0.052782777	0.2
WP20	KP0402_AC_WP20	1078	127.516264	51.44345913	1.162058279	0.396687074	0.555630947	2.219888065	0.040009607	0.2
WP20	KP0403_LM_WP20	282	123.0768426	80.49488504	1.061978502	0.329012661	0.501005475	2.077698482	0.023620801	0.2
WP20	KP0404_AC_WP20	864	10.92852815	45.53290697	1.398402232	0.129254513	0.579450762	1.659864389	0.033514914	0.2
WP20	KP0405_AC_WP20	789	85.46304533	67.17128882	1.390055271	0	0.711542288	1.604761799	0.036244401	0.2
CA05	KP0407_AC_CA05	29781	95.66950186	26.08909644	2.951589914	0.014234483	0.621232104	1.994222365	0.17316567	0.2
CA05	KP0408_AC_CA05	24058	29.87871678	10.15667366	1.187417146	0	0.784822597	1.621815704	0.192859475	0.2
CA05	KP0409_AC_CA05	1023	106.1483223	41.72300746	1.876001174	0	0.657624981	1.305713067	0.038422794	0.2
plot_name	sample_name	colony_points	colony_elevation	ground_elevation	colony_rugosity	overhang_prop	outcrop_prop	environment_rugosity	colony_range	environment_range
plot_name	sample_name	colony_points	colony_elevation	ground_elevation	colony_rugosity	overhang_prop	outcrop_prop	environment_rugosity	colony_range	environment_range
CA05	KP0413_HU_CA05	815	23.62957875	105.3952305	1.236364541	0.433728924	0.489568722	1.648863312	0.04144743	0.2
CA05	KP0414_HU_CA05	132	108.5362993	91.73129209	1.100124847	0.099803236	0.523250066	1.618282314	0.01598585	0.2
CA05	KP0415_HU_CA05	307	41.21130541	60.27197596	1.507976253	0	0.53780469	1.490820923	0.021679914	0.2
CA05	KP0417_HU_CA05	128	24.89423104	46.36869604	1.355327294	0	0.945970495	1.723243037	0.012800059	0.2
CA05	KP0418_HU_CA05	178	48.09830498	42.40770224	1.57228425	0.017026465	0.76024771	1.863021683	0.015623073	0.2
CA05	KP0419_HU_CA05	140	35.08351627	54.94770227	1	0.252224362	0.489018485	1.953720959	0.015446798	0.2
CA05	KP0424_AC_CA05	1628	89.12334139	29.61820298	2.264953882	0	0.886235146	1.684587714	0.053911536	0.2
CA05	KP0426_HU_CA05	402	41.37336309	66.85863074	1.276327856	0	0.839668304	1.649828579	0.027047408	0.2
CA05	KP0432_HU_CA05	197	26.05679016	88.51958662	1.239718749	0.111743691	0.586125127	2.264840296	0.017281002	0.2
CA05	KP0433_AC_CA05	76256	70.86825153	14.63403007	1.717149846	0.126762559	0.68849895	1.869388906	0.291162198	0.2
CA05	KP0434_HU_CA05	504	40.27017774	59.17756613	1.283836349	1.23403875	0.468740483	2.405722055	0.028186064	0.2
CA05	KP0435_HU_CA05	1296	61.27470992	84.73432078	1.238181884	0.718473191	0.492790823	2.063480116	0.043066601	0.2
CA05	KP0436_HU_CA05	114	57.52212362	68.09458015	1.436114435	0.059515432	0.787047113	1.609181317	0.015250496	0.2
CA05	KP0439_HU_CA05	235	121.5474654	58.640621	1.228424925	0	0.57005999	1.538491302	0.024221622	0.2
CA05	KP0440_HU_CA05	1888	91.57310162	108.6966005	1.586907191	0	0.892798101	1.813797002	0.052379099	0.2
CA05	KP0441_AC_CA05	529	109.2715877	88.19067465	1.22065233	0	0.738114459	2.169153168	0.031691676	0.2
CA05	KP0442_HU_CA05	311	31.84946756	39.20560219	1.632696606	0	0.895497283	1.378476484	0.022961929	0.2
WP20	KP0450_AC_WP20	6787	56.78980918	41.9719331	1.1826907	0.342427362	0.373988253	1.038141996	0.125069273	0.2
WP20	KP0451_LM_WP20	3552	48.7738333	63.8274875	1	0.026972663	0.610301317	1.541225364	0.092528298	0.2
WP20	KP0454_AC_WP20	23737	64.20526264	13.12769024	1	0.001790186	0.601308481	1.819317882	0.160904927	0.2
WP20	KP0455_AC_WP20	37037	78.68310212	84.1674693	1.771686829	0	0.790661404	2.212719115	0.202122268	0.2
WP20	KP0456_AC_WP20	6416	115.7859461	43.16047568	1	0.112457207	0.54519843	2.357449244	0.116972788	0.2
WP20	KP0457_AC_WP20	1132	88.77418905	28.69912671	1.200194837	0.57323583	0.407013097	1.617560897	0.06129334	0.2
WP20	KP0458_LM_WP20	10768	18.53673102	17.59507338	1.085699162	0.221641186	0.461768383	1.635300202	0.148877807	0.2
WP20	KP0459_LM_WP20	13051	32.58401662	45.28986367	1	0.40440079	0.451806744	1.657508011	0.160480317	0.2
WP20	KP0460_LM_WP20	19063	127.608576	35.98978728	1.238019195	0.084730391	0.494638187	1.809944574	0.183910327	0.2
WP20	KP0461_AC_WP20	436	110.2516568	44.37765127	1.7659831	0.015037934	0.557255912	2.39296819	0.026968434	0.2
WP20	KP0462_AC_WP20	1194	32.02843374	42.21122407	1.146907912	0.004927154	0.53254732	2.041194947	0.061730118	0.2
plot_name	sample_name	colony_points	colony_elevation	ground_elevation	colony_rugosity	overhang_prop	outcrop_prop	environment_rugosity	colony_range	environment_range
WP20	KP0464_AC_WP20	7727	41.7556998	44.81239064	1.017513971	0.761047027	0.468403613	2.215792628	0.121609829	0.2
WP20	KP0465_AC_WP20	2686	42.33317742	46.57269976	1.015171715	0.450755189	0.505783226	2.22689987	0.072217649	0.2
WP20	KP0466_AC_WP20	4056	72.15199726	38.32720974	1.249528936	0.185959627	0.496521488	1.896137824	0.080707355	0.2
WP20	KP0467_AC_WP20	7399	84.6977997	25.22377797	1.952454534	0	0.879027727	3.180358988	0.100126868	0.2
WP20	KP0468_AC_WP20	1959	129.4758779	81.80797861	1.320133396	0.136054063	0.600466943	3.414397444	0.056622137	0.2
WP20	KP0470_AC_WP20	24165	125.4365601	73.07039045	1.729237192	0.069024043	0.590736782	1.942418935	0.187083056	0.2
WP20	KP0471_AC_WP20	13092	51.92035963	60.39712489	1.278917601	0.151568304	0.456102363	1.973369573	0.137093326	0.2
WP20	KP0472_LM_WP20	12529	33.48115021	124.9420656	1.101242573	0.720640008	0.467461087	2.013117904	0.175828984	0.2
WP20	KP0473_LM_WP20	101	62.30707853	93.03314902	1.046402551	0.028540582	0.572821873	1.802010654	0.0188433	0.2
WP20	KP0474_AC_WP20	28	109.9805972	107.9269871	1.318511036	0.028009848	0.435707006	1.506101881	0.009403585	0.2
WP20	KP0475_AC_WP20	1896	94.8982369	81.88610673	1	0.248296504	0.698025384	2.590039638	0.049916775	0.2
WP20	KP0476_AC_WP20	2816	94.24667188	20.02499868	1	0	0.616220509	2.268576288	0.085482853	0.2
WP20	KP0477_AC_WP20	6650	81.82803615	58.23133981	1.404397266	0	0.734093417	2.765157216	0.084283834	0.2
WP20	KP0478_AC_WP20	661	41.4719254	113.7408914	1.592128595	0	0.658972863	2.792103191	0.03923294	0.2
WP20	KP0479_AC_WP20	11855	70.32071504	24.31255447	1.408586385	0	0.495189251	2.31543848	0.142795916	0.2
WP20	KP0480_AC_WP20	1887	79.94127196	72.1407223	1	0.062637503	0.5499608	2.123228311	0.066647467	0.2
WP20	KP0481_AC_WP20	1368	78.91006542	35.45315774	1.391206489	0	0.690427104	1.943278292	0.066819294	0.2
WP20	KP0482_LM_WP20	17003	46.66768111	105.269201	1.129674325	0.100961378	0.440592897	1.925743993	0.18914365	0.2
WP20	KP0483_AC_WP20	1165	43.66770033	25.4524045	1.029461845	0.604465123	0.491875799	1.941115538	0.048940857	0.2
WP20	KP0484_AC_WP20	2521	66.48489341	57.98381014	1	0.410472442	0.434442322	1.273126614	0.08522142	0.2
WP20	KP0485_AC_WP20	2524	82.09614579	80.7538427	1.455199515	0	0.827359078	1.785239856	0.070256649	0.2
WP20	KP0486_AC_WP20	5514	34.93641937	68.53898313	1.960938718	0	0.728697769	1.998788772	0.082353907	0.2
WP20	KP0487_AC_WP20	1793	84.30926391	68.59453665	1.96192875	0	0.577415271	2.183822763	0.052663693	0.2
plot_name	sample_name	colony_points	colony_elevation	ground_elevation	colony_rugosity	overhang_prop	outcrop_prop	environment_rugosity	colony_range	environment_range
WP20	KP0489_AC_WP20	460	104.7850121	107.4906363	1.591404122	0	0.532829578	1.904031056	0.044249919	0.2
WP20	KP0490_AC_WP20	855	84.92971294	84.88194833	1.236073638	0.109187459	0.822848294	1.302591573	0.036550112	0.2
WP20	KP0491_AC_WP20	552	92.87922124	72.17914626	1.748624336	0	0.657136724	2.305304898	0.046890769	0.2
WP20	KP0492_AC_WP20	12249	70.24740494	89.82469167	1.825175925	0.023790386	0.686875121	2.443940055	0.119964167	0.2
WP20	KP0493_AC_WP20	411	79.84458569	72.88762734	1.778754169	0	0.684850249	2.640864179	0.033804956	0.2
plot_name	sample_name	colony_points	colony_elevation	ground_elevation	colony_rugosity	overhang_prop	outcrop_prop	environment_rugosity	colony_range	environment_range
WP20	KP0495_AC_WP20	989	80.45536859	98.606917	1.241762218	0	0.73968645	2.041287603	0.047840205	0.2
WP20	KP0499_AC_WP20	1101	96.05727403	91.98647294	1.10337824	0	0.868969469	2.515909089	0.035741149	0.2
plot_name	sample_name	colony_points	colony_elevation	ground_elevation	colony_rugosity	overhang_prop	outcrop_prop	environment_rugosity	colony_range	environment_range
WP20	KP0501_AC_WP20	1786	108.1406283	87.83443112	1.802068319	0	0.677328126	2.531939443	0.063772773	0.2
WP20	KP0502_AC_WP20	2261	98.05584056	26.92136231	1.249831026	0.17052254	0.607719865	2.636707432	0.07020846	0.2
WP20	KP0503_AC_WP20	2015	91.07551149	56.68470538	1	0	0.714852977	2.39788858	0.065775177	0.2
WP20	KP0504_AC_WP20	1507	80.33197675	92.70568144	1.863094929	0	0.801369611	2.26544189	0.065221617	0.2
WP20	KP0505_AC_WP20	15075	79.85146664	74.45539606	1.3397968	0	0.724727441	2.545753663	0.145431859	0.2
WP20	KP0506_AC_WP20	2341	78.25351055	31.75188089	1	0.125677329	0.755473323	2.218696397	0.059514555	0.2
WP20	KP0507_AC_WP20	1938	84.8880859	40.860479	1.504939642	0	0.758174227	2.539985256	0.055741125	0.2
WP20	KP0508_AC_WP20	2374	33.72466696	39.14601224	1.176266681	0.009130804	0.526946231	2.173137457	0.073499008	0.2
WP20	KP0509_AC_WP20	410	12.60573424	82.24764111	1.278860226	0	0.946837954	2.580882859	0.027798619	0.2
WP20	KP0510_AC_WP20	552	39.93372144	106.7367647	1.214145328	0	0.750213184	2.19749189	0.033360982	0.2
WP20	KP0511_AC_WP20	389	110.1283039	73.60850641	1.426016579	0	0.943664719	2.482811896	0.026686948	0.2
WP20	KP0512_AC_WP20	730	129.1749953	77.81136747	1.888042801	0	0.839453808	2.50034076	0.041087147	0.2
WP20	KP0513_AC_WP20	91	48.77564829	66.16003058	1.707457472	0	0.577440093	1.917105944	0.016552957	0.2
WP20	KP0514_AC_WP20	1769	94.29179266	97.1061889	1	0	0.458926022	2.377201808	0.078642637	0.2
WP20	KP0515_AC_WP20	2624	49.63203911	37.35018199	1	1.0439909	0.496953467	2.135008611	0.078737784	0.2
WP20	KP0516_AC_WP20	1032	92.90885401	106.7421973	2.266304134	0	0.546572488	2.026804737	0.047835997	0.2
WP20	KP0517_AC_WP20	430	74.61807822	80.40462506	1.148275689	0.324500255	0.582864186	2.026900109	0.030615737	0.2
WP20	KP0518_LM_WP20	850	52.05656152	68.49673962	1.050246086	0.095367599	0.621208249	1.799115712	0.043691666	0.2
WP20	KP0519_AC_WP20	218	62.9965823	73.39077027	1.872141562	0	0.747192788	2.435220262	0.026833625	0.2
WP20	KP0520_AC_WP20	61	56.72790999	75.16219675	1.641128353	0	0.712369745	1.802124559	0.01223189	0.2
WP20	KP0521_AC_WP20	4112	86.44810658	35.55927457	1.871941145	0	0.732181426	2.491905337	0.07821021	0.2
WP20	KP0522_AC_WP20	7265	90.10179024	86.65609125	1	0.0235404	0.774216289	2.55794923	0.09488896	0.2
WP20	KP0523_AC_WP20	3389	122.8947444	20.8153389	1.210062311	0.208880393	0.526850858	2.398979252	0.077808842	0.2
WP20	KP0524_AC_WP20	1910	66.71895524	86.60106686	1.375147198	0	0.619294379	2.037923558	0.054805363	0.2
plot_name	sample_name	colony_points	colony_elevation	ground_elevation	colony_rugosity	overhang_prop	outcrop_prop	environment_rugosity	colony_range	environment_range
WP20	KP0526_AC_WP20	4233	72.83033457	75.33020473	1	0.307727587	0.714272391	1.818828641	0.066340771	0.2
WP20	KP0527_LM_WP20	12734	22.0056372	72.42999858	1.422134366	0.330657208	0.516089979	2.231825123	0.136719502	0.2
WP20	KP0528_AC_WP20	4778	78.06806779	80.63463125	1.204781238	0.062870472	0.747111754	2.11229297	0.079365199	0.2
WP20	KP0529_LM_WP20	343	39.6085494	28.54041426	1	0.05451168	0.44259003	1.712953093	0.039572574	0.2
WP20	KP0530_AC_WP20	430	88.46778635	78.5573441	1.898605266	0.083918125	0.747594662	2.209667089	0.025567452	0.2
WP20	KP0531_AC_WP20	732	85.81591234	67.48131358	1.139118031	0	0.724809015	2.238049564	0.027394902	0.2
WP20	KP0532_AC_WP20	11711	69.21577618	111.597865	1	0	0.674374022	2.272786456	0.107389114	0.2
WP20	KP0533_AC_WP20	194	56.04902947	94.64768724	1.534564223	0	0.597076394	1.991273666	0.021640382	0.2
WP20	KP0534_AC_WP20	1856	119.4193974	77.69532962	1.867777053	0.006019289	0.600956698	2.217988346	0.057332436	0.2
WP20	KP0535_AC_WP20	4670	40.22363387	24.04559072	1.352292867	0.242083512	0.467017619	2.151421278	0.084816322	0.2
WP20	KP0536_AC_WP20	8592	85.98547952	30.45265588	1.865701031	0	0.632052514	2.12896622	0.107977732	0.2
WP20	KP0537_AC_WP20	427	93.84019205	47.1861372	1.145930324	0	0.615401528	2.127375701	0.026961915	0.2
WP20	KP0538_AC_WP20	5477	103.3957771	28.44831329	1.150824722	0	0.699302936	2.053060628	0.091311167	0.2
WP20	KP0539_AC_WP20	2079	93.38580602	94.12648447	1.820581566	0	0.857898526	2.048261645	0.066862937	0.2
WP20	KP0540_AC_WP20	56	112.2678923	76.09797115	1.103510507	0.122248897	0.583804161	2.559491813	0.014346113	0.2
WP20	KP0541_AC_WP20	24	81.30237209	58.57492539	2.323181861	0	0.705706623	2.121422087	0.007591248	0.2
WP20	KP0542_LM_WP20	39238	63.16674049	64.68816993	1.538301479	0.093312622	0.53397878	1.7210691	0.238680096	0.2
WP20	KP0544_AC_WP20	3896	15.25722215	32.24972547	1.084967577	0.298383326	0.500114428	1.623709461	0.084999907	0.2
WP20	KP0545_AC_WP20	6607	92.63086997	105.402363	1.292999211	0.4759533	0.543754688	2.208368519	0.095312584	0.2
WP20	KP0547_LM_WP20	7740	91.90160235	33.30022593	1.2152873	0.219094669	0.574099204	1.912570898	0.123766436	0.2
WP20	KP0548_LM_WP20	26248	26.30802934	92.479699	1	0.362676298	0.524667529	1.589609473	0.224747319	0.2
WP20	KP0549_AC_WP20	1967	40.2661795	26.19085735	1	0.569847541	0.320619614	2.009384909	0.062400678	0.2
WP20	KP0550_LM_WP20	3780	58.61116011	20.64691587	1.095811391	1.006786703	0.437241477	1.36944182	0.092401379	0.2
WP20	KP0551_LM_WP20	4252	5.956995816	3.043225777	1	0.865336915	0.370511784	1.539367885	0.096304213	0.2
WP20	KP0552_AC_WP20	4588	49.29238515	28.88108594	1.978505725	0	0.690069158	1.353315086	0.155734056	0.2
WP20	KP0553_AC_WP20	2277	33.06274987	38.2421477	1.019483772	0.006569258	0.525568817	1.487689211	0.087029783	0.2
WP20	KP0554_AC_WP20	8798	88.51394411	23.50907772	1.964076511	0.000259713	0.609464013	3.041612547	0.111378898	0.2
WP20	KP0555_AC_WP20	36061	17.39384095	16.93023423	1.10798768	0.076335161	0.613061951	2.220648217	0.224043895	0.2
WP20	KP0556_AC_WP20	13259	78.3552181	17.75557457	1	0	0.762778392	1.842926349	0.162783534	0.2
WP20	KP0557_AC_WP20	4961	132.0266869	45.05915898	1.009919715	0.949107408	0.416109716	1.586968557	0.089357327	0.2
WP20	KP0558_LM_WP20	20764	33.73973205	130.1061341	1.417847205	0.008570341	0.487855359	1.749177425	0.20877568	0.2
WP20	KP0559_AC_WP20	3200	30.90449999	38.38017696	1	0.706930914	0.389994182	1.550053182	0.077039444	0.2
WP20	KP0560_AC_WP20	2479	63.71314522	58.9607861	1	0.45203119	0.473469589	1.834163084	0.076979449	0.2
WP20	KP0561_AC_WP20	822	63.56973104	49.6053025	1.178868191	0.459281419	0.430780392	2.552106554	0.057732588	0.2
WP20	KP0562_LM_WP20	34859	124.131542	10.36128879	1.539213391	0.184823674	0.530924837	1.703917666	0.270661751	0.2
WP20	KP0563_AC_WP20	162	127.8669932	124.3258882	1.33100294	1.352841533	0.498682579	2.079019529	0.020147801	0.2
WP20	KP0564_LM_WP20	486	115.0088585	100.3058007	1	0.357076492	0.462217198	1.618760396	0.033339633	0.2
WP20	KP0565_AC_WP20	42	100.7136851	84.66313116	1.323280809	0.509214935	0.471397558	1.961600497	0.010710081	0.2
WP20	KP0566_LM_WP20	37663	56.88535078	68.41146261	1.392169915	0.167780624	0.442534034	2.084188732	0.231897832	0.2
WP20	KP0567_LM_WP20	9286	33.21475083	35.98854778	1.192253742	0	0.605135301	1.916533136	0.127602062	0.2
WP20	KP0568_AC_WP20	832	70.23479864	123.6303205	1.496719242	0	0.530688531	2.386878967	0.045830184	0.2
WP20	KP0569_AC_WP20	3518	14.1016082	127.7160274	1.670174971	0.003037592	0.606782434	2.155881872	0.064940489	0.2
WP20	KP0570_LM_WP20	8927	22.31671658	31.78393456	1.078497255	0.046318266	0.389921767	2.169670282	0.139762695	0.2
WP20	KP0571_AC_WP20	679	66.7924503	70.48957548	1.274062579	0.009539044	0.765443177	1.907180283	0.035877902	0.2
WP20	KP0572_AC_WP20	1431	51.94636002	44.33150456	1.683268973	0	0.616122328	2.536474527	0.049217962	0.2
WP20	KP0573_LM_WP20	84	80.77905664	96.71876678	1.246841612	0.158683981	0.517607157	2.316693342	0.011369952	0.2
WP20	KP0574_AC_WP20	1060	50.43906858	56.68516476	1.219122529	0.004846148	0.590184418	1.833021553	0.054785998	0.2
WP20	KP0575_AC_WP20	7008	76.21125486	50.22618297	1.533935176	0	0.699317307	2.181257251	0.130679417	0.2
plot_name	sample_name	colony_points	colony_elevation	ground_elevation	colony_rugosity	overhang_prop	outcrop_prop	environment_rugosity	colony_range	environment_range
WP20	KP0577_AC_WP20	3385	123.9763325	88.55198226	1.505350515	0.000638695	0.675290438	2.154010594	0.064656474	0.2
WP20	KP0578_AC_WP20	896	64.96447723	23.28573399	1.634195432	0.014920497	0.569956371	2.171082978	0.03746461	0.2
WP20	KP0579_AC_WP20	1248	27.14054244	33.40092594	1.329412936	0.729858389	0.416249428	2.124888724	0.049469723	0.2
WP20	KP0580_AC_WP20	2728	32.62896396	13.72639114	1	0.19841781	0.489023229	1.888648185	0.087707726	0.2
WP20	KP0581_AC_WP20	630	87.09242992	103.1395298	1.064999404	0.813468584	0.413789587	1.094806165	0.048167724	0.2
WP20	KP0582_AC_WP20	32	118.5574795	105.7707295	1.083942679	0.173421832	0.840428464	1.915939668	0.009521634	0.2
WP20	KP0583_LM_WP20	7318	79.72581174	106.3511896	1.004533373	0.325487838	0.505484559	1.905992482	0.132605128	0.2
WP20	KP0584_AC_WP20	1644	114.2498315	87.1919538	1.678764581	0.039607526	0.559113803	2.78332408	0.063295344	0.2
WP20	KP0585_LM_WP20	7694	48.37370035	19.0571686	1.395381353	0.000181461	0.804342934	1.808818577	0.134678833	0.2
WP20	KP0586_LM_WP20	7736	15.4124251	20.28268823	1.132762078	6.00E-05	0.552299377	1.654155227	0.15047101	0.2
WP20	KP0588_LM_WP20	14386	131.2786338	101.9771815	1	0.588337515	0.512311664	2.208607887	0.186130665	0.2
WP20	KP0589_AC_WP20	18950	110.911885	34.24254081	2.015169251	0	0.64232124	2.231639484	0.166647033	0.2
plot_name	sample_name	colony_points	colony_elevation	ground_elevation	colony_rugosity	overhang_prop	outcrop_prop	environment_rugosity	colony_range	environment_range
WP20	KP0591_AC_WP20	273	132.9943556	61.02098357	1.24605358	0.188110502	0.546811102	2.4520115	0.032127635	0.2
SB20	KP0613_LM_SB20	16480	41.91995218	63.10246769	1.38836449	0.009518776	0.453676276	2.14073749	0.154201696	0.2
SB20	KP0614_LM_SB20	8105	122.7470497	124.5553497	1.313958144	0.563931389	0.338045864	2.518007651	0.112856415	0.2
SB20	KP0615_AC_SB20	256	13.63510014	29.42021092	1	0	0.483566608	2.015432717	0.021529549	0.2
SB20	KP0616_LM_SB20	3882	128.9234222	33.61001297	1	1.045095242	0.337911629	1.298262559	0.076378022	0.2
SB20	KP0617_LM_SB20	20639	132.1498341	41.56424388	1.117349785	0.004674324	0.515157206	2.563956241	0.178762502	0.2
SB20	KP0618_LM_SB20	7570	117.7618219	127.8353585	1.088998345	0.347010854	0.566336789	2.210853816	0.109613359	0.2
SB20	KP0619_AC_SB20	2268	38.15129678	16.70096644	1.217190123	0	0.571288771	2.568444242	0.060514402	0.2
SB20	KP0620_LM_SB20	10724	32.91844927	15.5396369	1	0.950090479	0.488420655	2.270483337	0.135146664	0.2
SB20	KP0621_LM_SB20	7500	125.6509467	50.86999084	1.150394209	0.451828586	0.474155527	2.392819446	0.108263712	0.2
SB20	KP0623_LM_SB20	30194	123.6602451	11.6920777	1.13398298	0.002909157	0.398867677	2.520061575	0.213581605	0.2
SB20	KP0624_AC_SB20	16534	22.63056271	16.81068753	1	0.203585793	0.638217604	2.256412468	0.16009267	0.2
SB20	KP0626_AC_SB20	8868	20.53304404	19.71269499	1.132325405	0.016493859	0.659669958	2.281432146	0.12053656	0.2
SB20	KP0628_AC_SB20	1109	18.39805609	13.52546662	1	0.095225558	0.560419062	1.738603464	0.048396764	0.2
SB20	KP0629_LM_SB20	5239	127.3554818	32.38822381	1.303627167	0.63953424	0.512830529	3.139851861	0.097634388	0.2
SB20	KP0630_AC_SB20	301	112.9423646	132.0408972	1.184130987	1.608602414	0.456861726	2.327008973	0.026117053	0.2
SB20	KP0631_LM_SB20	11493	45.75834338	48.08816193	1	1.002614234	0.428413802	1.514907942	0.14461323	0.2
SB20	KP0632_AC_SB20	120	39.07400539	122.2795375	1.725568412	0	0.726923885	1.793389267	0.015874229	0.2
SB20	KP0633_AC_SB20	8403	49.19614642	127.1024208	1.172583881	0.199436131	0.502149792	2.470926173	0.11601023	0.2
SB20	KP0635_AC_SB20	4126	75.43155567	26.21943899	1.174159261	0	0.847171878	2.095696972	0.081032921	0.2
SB20	KP0636_AC_SB20	1674	92.81508713	73.89269112	1.422444307	0	0.625519016	2.152277924	0.058943036	0.2
SB20	KP0637_LM_SB20	18960	128.3796401	37.19516143	1.058826126	0.207781008	0.529244193	2.19523469	0.148324258	0.2
SB20	KP0638_AC_SB20	9998	23.96980719	79.25007939	1.39077755	0	0.512895058	2.273831119	0.126373101	0.2
SB20	KP0639_LM_SB20	55137	36.52774675	130.2112739	1.006377184	0.562933665	0.445357731	2.340694522	0.292263626	0.2
SB20	KP0640_AC_SB20	14178	39.42031998	46.38191816	1.151244479	0.11344109	0.445137193	2.642035689	0.129908484	0.2
SB20	KP0641_LM_SB20	5301	120.7331732	45.95518489	1.064439363	0.123633384	0.570590182	2.09142905	0.093021801	0.2
SB20	KP0642_AC_SB20	517	82.85713366	43.2939698	1.500946133	0	0.858197511	1.665388062	0.035688692	0.2
SB20	KP0643_AC_SB20	5111	30.0316548	6.387403671	1.066935387	0.008101388	0.544489098	2.010362536	0.076874079	0.2
SB20	KP0644_AC_SB20	2652	40.17395935	100.0306818	1.160179602	0.268136487	0.526183467	2.18574292	0.066540988	0.2
SB20	KP0646_AC_SB20	824	123.9142072	104.3782849	1.765470921	0	0.827508535	2.750024725	0.041002717	0.2
SB20	KP0647_AC_SB20	1632	110.5446352	55.74486387	1.197273438	0	0.730843053	2.191115871	0.078099892	0.2
SB20	KP0648_AC_SB20	2895	34.29765148	38.37088347	1.607044574	0.084861716	0.646975618	2.582961465	0.056384982	0.2
SB20	KP0649_AC_SB20	6797	22.80319472	29.75238324	1.227086687	0.104547485	0.531066519	2.672226922	0.107216378	0.2
SB20	KP0650_LM_SB20	22750	102.8677181	40.3085977	1.539526826	0	0.724546559	2.470137173	0.155167491	0.2
SB20	KP0651_AC_SB20	851	29.22918753	16.48698655	1.061534977	0.148097694	0.487659286	2.694726737	0.043936862	0.2
SB20	KP0652_AC_SB20	926	46.50392993	11.5360353	1.172177054	0.97077699	0.468290457	2.362395433	0.038368313	0.2
SB20	KP0654_AC_SB20	12185	17.2824992	112.1869867	1.358077942	0.000793185	0.558571008	2.110268591	0.115891396	0.2
SB20	KP0655_LM_SB20	32668	120.0056173	120.4145506	1.026060054	0.3832967	0.566067625	3.793186105	0.209620878	0.2
SB20	KP0656_AC_SB20	6548	93.45837443	130.4456872	1	0.019732716	0.59605728	2.228516431	0.094564635	0.2
SB20	KP0657_LM_SB20	3897	40.06612281	24.68242805	1.091285917	0.691695231	0.349623152	1.678020645	0.093492307	0.2
plot_name	sample_name	colony_points	colony_elevation	ground_elevation	colony_rugosity	overhang_prop	outcrop_prop	environment_rugosity	colony_range	environment_range
SB20	KP0659_LM_SB20	300	48.51568431	31.27346269	1.134326787	0.836046369	0.449761245	2.027104822	0.024859436	0.2
SB20	KP0660_AC_SB20	260	116.1292173	24.44810298	1.651006879	0	0.73149562	2.006411622	0.026157851	0.2
SB20	KP0661_AC_SB20	180	53.04555268	16.59591239	1.758243213	0	0.644126834	2.154167941	0.02251305	0.2
SB20	KP0662_AC_SB20	10787	40.77648658	130.0067938	1	0.006526812	0.558659839	2.257884252	0.107260214	0.2
SB20	KP0663_AC_SB20	14626	22.91923689	36.84610169	1.070295941	0.021079063	0.667784178	2.646309273	0.170630569	0.2
SB20	KP0664_LM_SB20	15163	131.8513645	26.49772333	1.161897809	0.100038796	0.481306548	2.071567799	0.160329114	0.2
SB20	KP0665_AC_SB20	6319	14.7136938	24.08605186	1.174664352	0	0.512845433	2.130756032	0.106708495	0.2
SB20	KP0666_LM_SB20	27598	25.0052051	43.40880283	1.220124252	0	0.522450098	2.168444749	0.213111277	0.2
SB20	KP0668_AC_SB20	3965	38.97142411	36.24765533	1.35105137	0.003886271	0.395535095	2.408747546	0.093659147	0.2
SB20	KP0670_LM_SB20	663	117.6436634	112.2127069	1.043419257	0.139377517	0.596118245	2.090058758	0.04169503	0.2
SB20	KP0672_AC_SB20	2001	13.33657145	40.66601479	1	0.140141403	0.497109919	2.204121497	0.061431423	0.2
SB20	KP0674_AC_SB20	6144	22.85609259	86.57822423	1.394628289	0.001579005	0.54155102	2.052066911	0.10196372	0.2
SB20	KP0676_LM_SB20	39287	41.25353586	117.52973	1.146266031	0.05149915	0.532970524	2.926857128	0.229061011	0.2
SB20	KP0678_AC_SB20	1494	126.0359908	131.5636365	1.30307561	0.015411828	0.41891462	3.260160316	0.054304452	0.2
SB20	KP0679_AC_SB20	1255	89.47735697	31.15275818	1.839682705	0.167980969	0.69590266	2.452067262	0.041571257	0.2
SB20	KP0680_LM_SB20	18758	4.380980884	35.21408865	1.531870102	0.246692592	0.49564203	2.399764025	0.16880613	0.2
SB20	KP0681_AC_SB20	1327	74.39451807	43.74879303	1.158268329	0.123082617	0.508145805	3.055357274	0.052708686	0.2
SB20	KP0682_LM_SB20	8727	129.6104047	123.483874	1.063619597	0.234028782	0.503048826	3.188030002	0.116044919	0.2
SB20	KP0683_AC_SB20	2966	47.99362883	103.3348628	1	0.836348274	0.546230419	3.330359403	0.073674428	0.2
SB20	KP0684_LM_SB20	1426	40.9472381	22.71758428	1.519781737	0	0.425043428	2.29919548	0.049601848	0.2
SB20	KP0685_AC_SB20	11445	43.63117746	29.33643613	1.625863132	0.059973014	0.63109884	1.764771431	0.123020833	0.2
SB20	KP0686_AC_SB20	453	118.0123413	19.04739212	1.390199413	0	0.919727056	2.101988055	0.034077483	0.2
SB20	KP0687_AC_SB20	12751	32.47386237	45.80663424	1	0.239419308	0.483918483	2.048633292	0.141672147	0.2
SB20	KP0688_AC_SB20	10596	29.87967731	24.07122538	1	0.474911568	0.611658803	2.221800323	0.119798944	0.2
SB20	KP0689_AC_SB20	1491	97.22741984	109.1937247	1.361763332	0.827998043	0.492059771	2.277926782	0.045424992	0.2
SB20	KP0690_AC_SB20	22816	125.3055401	30.88463082	1.507749073	0.061618708	0.532780349	2.779692618	0.184231337	0.2
SB20	KP0691_AC_SB20	283	100.2102453	57.66460258	1.866204175	0.903995287	0.477596514	2.546442156	0.035400946	0.2
SB20	KP0692_AC_SB20	8976	11.47077174	67.96929902	1	0.83677471	0.537558728	2.37198242	0.111343813	0.2
SB20	KP0693_AC_SB20	11813	31.09309652	25.90860308	1.245178423	0.205244616	0.545031121	3.031296384	0.130112251	0.2
SB20	KP0694_LM_SB20	40734	42.67218124	43.67122511	1	0.010090202	0.422894973	2.276222313	0.227420023	0.2
SB20	KP0695_AC_SB20	1849	78.3018503	59.85601957	1.67383944	0.782034424	0.498363846	2.393322114	0.048216649	0.2
SB20	KP0696_AC_SB20	425	42.60412055	35.85821534	1	0.99105603	0.504606014	1.383317467	0.032738353	0.2
SB20	KP0697_AC_SB20	2573	90.10405268	91.47277218	1	0	0.435674613	2.076743064	0.079277655	0.2
SB20	KP0698_AC_SB20	28530	52.38467189	45.0315442	1.168686565	0.212583356	0.507149397	2.151832564	0.209178232	0.2
SB20	KP0699_AC_SB20	756	111.2050647	98.99774247	1.066329953	0.012540696	0.54392712	1.659017887	0.040081728	0.2
SB20	KP0700_LM_SB20	33182	132.8825416	106.2582522	1.152168867	0.61854692	0.453332391	1.959085704	0.238769241	0.2
SB20	KP0702_AC_SB20	6202	19.46485327	34.13933532	1.108460494	0.007945266	0.68797703	2.447862155	0.096055723	0.2
SB20	KP0703_AC_SB20	5968	64.23001705	5.730033879	1.469029115	0	0.658948846	2.158341583	0.080678989	0.2
SB20	KP0704_AC_SB20	17008	130.9364226	13.96290268	1.412616384	0.067605344	0.549143414	2.278097037	0.138820851	0.2
SB20	KP0706_LM_SB20	13149	117.2556869	94.117676	1.26320711	0.153128987	0.446516574	2.766681492	0.132564145	0.2
SB20	KP0707_LM_SB20	27145	35.79115623	5.693469964	1.121161392	0.383335093	0.192372967	2.415733305	0.187590649	0.2
SB20	KP0708_AC_SB20	2699	64.46083578	55.92499103	1	0.224328687	0.48402517	1.782465334	0.071586877	0.2
SB20	KP0709_AC_SB20	2708	22.84060009	130.6964215	1.215603887	0	0.531196224	2.512831464	0.064302982	0.2
SB20	KP0710_AC_SB20	10435	35.47214794	17.04919281	1.376940026	0.193777365	0.500711063	2.41482439	0.117839174	0.2
SB20	KP0711_AC_SB20	1172	78.75954802	74.91620554	1.738439798	0.00045609	0.701767367	2.093297904	0.056345115	0.2
SB20	KP0712_AC_SB20	13503	38.80422881	36.15592199	1.127071706	0.159209923	0.595264533	2.288469383	0.191436851	0.2
SB20	KP0714_AC_SB20	8089	98.48049556	66.25175543	1.478723702	0.192799653	0.594915351	2.731225657	0.092946832	0.2
SB20	KP0715_LM_SB20	9016	58.64849889	16.14923804	1.76387713	0.263007193	0.455633877	3.00699144	0.09922231	0.2
SB20	KP0716_LM_SB20	42240	99.08766058	99.41014582	1.175021084	0.656064884	0.507685654	1.847790458	0.250020459	0.2
SB20	KP0717_AC_SB20	6802	12.61492806	17.9347261	1.08429103	0.001537985	0.67260129	2.577368397	0.11816257	0.2
SB20	KP0718_LM_SB20	5867	50.88031266	37.29182919	1.190641134	0.005861242	0.391258306	2.167786297	0.101149956	0.2
SB20	KP0719_AC_SB20	18308	34.5901129	5.865181815	1.243751197	0.022230718	0.604957713	2.846782866	0.169634227	0.2
SB20	KP0720_AC_SB20	3489	87.04199976	24.233309	1.712401899	0	0.721364988	1.955583404	0.078106204	0.2
SB20	KP0721_AC_SB20	2845	48.88576872	44.98572049	1.406730023	0	0.677988158	2.28517809	0.061432284	0.2
SB20	KP0722_AC_SB20	387	50.56668116	66.79956766	1.465152388	0	0.669668001	1.766470093	0.03605575	0.2
SB20	KP0723_AC_SB20	20487	28.78576697	38.34464171	1.222636501	0.006641055	0.51176768	2.434722878	0.179149727	0.2
SB20	KP0724_AC_SB20	6200	107.503395	67.21040743	1.78929377	0	0.729282718	2.03123804	0.093689435	0.2
SB20	KP0725_LM_SB20	3962	31.08558611	32.07557061	1.097900101	0.910851619	0.451389047	1.882936185	0.080726884	0.2
SB20	KP0726_AC_SB20	12569	34.68221284	25.01613832	1.16316167	0.062130889	0.495415338	2.254681893	0.143167844	0.2
SB20	KP0727_AC_SB20	494	18.20382655	9.435370412	1.200855205	0.181476713	0.535896198	2.612011901	0.027645079	0.2
SB20	KP0728_AC_SB20	7819	94.18216191	23.06727152	1.526524799	0	0.806200004	1.810289268	0.125640239	0.2
SB20	KP0729_LM_SB20	45158	118.020875	44.8775144	1.037674536	0.092728225	0.542025936	2.499152595	0.240473975	0.2
SB20	KP0730_AC_SB20	392	72.63570821	84.47399105	1.844240269	0.073895482	0.709587712	2.149887831	0.028180931	0.2
SB20	KP0731_LM_SB20	16776	40.4879782	10.78797528	1	0.389531336	0.243058257	1.421116762	0.168651341	0.2
SB20	KP0732_LM_SB20	898	44.86838276	44.1321608	1.282825732	0.00747	0.495077703	2.213347442	0.042090163	0.2
SB20	KP0733_LM_SB20	14983	16.3111169	18.25273486	1.01632341	0.017483736	0.554763621	1.709818926	0.153978407	0.2
SB20	KP0734_AC_SB20	4475	35.89875402	16.02652371	1.04409346	0.226221505	0.529522266	2.34133764	0.086124117	0.2
SB20	KP0736_AC_SB20	8980	43.22424582	28.65595949	1.101329272	0.173296867	0.506135212	2.263199115	0.130179213	0.2
WP10	KP0740_HU_WP10	35	111.8869988	104.1384958	1.456067672	0.246484725	0.560192826	2.266044291	0.01080288	0.2
WP10	KP0741_AC_WP10	1191	16.09824758	17.93480668	1	0.023800381	0.494077922	1.69936067	0.076315803	0.2
WP10	KP0742_AC_WP10	1781	95.48797886	31.32576489	1.43849957	0	0.61109552	1.967693087	0.0648439	0.2
WP10	KP0743_AC_WP10	8859	79.62822625	132.4437259	1.106589295	0.044493505	0.562805456	1.946196788	0.136942687	0.2
WP10	KP0744_HU_WP10	95	31.55318588	14.72478583	1.20176623	0.276023381	0.54053305	1.844780213	0.016700343	0.2
WP10	KP0746_AC_WP10	2288	18.88103557	66.52459348	1.080842733	0.156542624	0.443027104	1.739939375	0.089531898	0.2
WP10	KP0747_AC_WP10	1671	6.672222568	33.19297967	1	0.754014923	0.345261911	1.651987597	0.060037629	0.2
WP10	KP0748_AC_WP10	204	40.80527228	96.00009848	1.654766066	0	0.494033069	2.857987693	0.029264881	0.2
WP10	KP0749_AC_WP10	6313	123.3178711	39.9166026	1.403194651	0.159680144	0.666064478	1.734485571	0.109251579	0.2
WP10	KP0750_AC_WP10	38	37.83817756	40.01557236	2.381206507	0	0.950579523	2.073295725	0.011056039	0.2
WP10	KP0751_AC_WP10	951	40.11989944	17.75281447	1	0	0.711607616	1.364368269	0.04027083	0.2
WP10	KP0752_AC_WP10	25	93.60931739	74.19743101	1.349384618	0.040839631	0.514741218	2.863416811	0.011171361	0.2
WP10	KP0754_LM_WP10	12294	74.52771507	23.2623825	1	0.252136043	0.428725856	1.893605407	0.226745795	0.2
WP10	KP0755_AC_WP10	10588	49.79744012	67.96279994	1.480623589	0.087561304	0.565336705	3.23147928	0.159656511	0.2
WP10	KP0756_AC_WP10	5966	63.04595995	54.41779668	2.013002484	0.318078056	0.401465154	2.229906305	0.119252525	0.2
WP10	KP0757_AC_WP10	598	29.36605047	103.222789	1.264781904	0.383543149	0.63179496	2.36760404	0.050894114	0.2
WP10	KP0758_AC_WP10	4766	41.31329986	38.7075589	1.35400946	0.067587904	0.541135573	2.032887278	0.099150161	0.2
WP10	KP0759_AC_WP10	1281	53.80393344	92.59547323	1	0.431443125	0.638918913	2.541773165	0.066687281	0.2
WP10	KP0760_AC_WP10	9112	48.31494958	82.40825411	1.965130358	0	0.452605414	2.764822161	0.132110171	0.2
WP20	KP0761_AC_WP20	4319	84.15568244	6.13558341	1	0.855898042	0.472848399	2.43390626	0.102742054	0.2
WP10	KP0762_AC_WP10	3745	70.42754634	101.8548693	1.533862509	0.726436094	0.516931323	2.797234412	0.078091031	0.2
WP10	KP0763_LM_WP10	10466	47.5321492	70.04545202	1.07000343	0.262317362	0.518892367	1.530633792	0.179974947	0.2
WP10	KP0764_HU_WP10	792	40.99911467	48.91593191	1.380419182	0.116384794	0.503803721	3.258836464	0.041575644	0.2
WP10	KP0765_AC_WP10	1633	35.9728746	57.9769821	1	0.906092898	0.473177857	2.021286163	0.062092478	0.2
WP10	KP0766_AC_WP10	3223	30.01122263	29.98371629	1.318524734	0.647132924	0.450064501	2.598883115	0.080370252	0.2
WP10	KP0767_AC_WP10	3821	17.9000326	49.51084347	1	0.34012383	0.459423463	2.489997898	0.090301751	0.2
WP10	KP0768_HU_WP10	305	112.7158526	34.51825828	1.870002231	0.583843438	0.51543017	2.753399527	0.027002647	0.2
WP10	KP0769_AC_WP10	77162	48.06131276	28.43741353	1.870758334	0	0.689887278	2.810542434	0.305259977	0.2
WP10	KP0770_AC_WP10	62	115.032619	35.68737292	1.146910401	0.363296354	0.481256464	3.070125498	0.015907475	0.2
WP10	KP0771_AC_WP10	1257	59.3504359	22.54086211	1.490283285	0.446969608	0.468138603	2.146207829	0.061941154	0.2
WP10	KP0772_AC_WP10	306	119.7299797	80.64302842	1.876549548	0.881810953	0.48522676	3.181494184	0.032808056	0.2
WP10	KP0773_AC_WP10	2321	30.77821543	37.53512554	1.087134995	0.0001346	0.552843241	1.283776925	0.07739172	0.2
WP10	KP0774_AC_WP10	59	32.40044867	33.76868962	1	0.420154385	0.494733772	3.012645373	0.020919073	0.2
WP10	KP0775_HU_WP10	190	124.226273	47.520767	1.05903799	0.079114857	0.488828477	1.832953806	0.024621518	0.2
WP10	KP0777_AC_WP10	3901	124.0021123	129.0861027	1.017965862	0.02612371	0.668657279	2.271939638	0.08174375	0.2
WP10	KP0778_AC_WP10	2833	128.0504068	103.9422249	1.591494304	0.069203618	0.665056719	3.113924054	0.081392009	0.2
WP10	KP0779_AC_WP10	2117	86.56791132	57.29230191	1	0	0.750975559	1.94528744	0.085007502	0.2
WP10	KP0780_AC_WP10	4291	47.85348895	42.22091175	1.270899527	0.17873927	0.544010568	2.807948071	0.089290486	0.2
WP10	KP0781_AC_WP10	224	6.54066835	42.39918048	1.42313672	0.354743211	0.621663194	2.671309206	0.028769794	0.2
WP10	KP0782_AC_WP10	6760	61.79090191	32.80984528	1	0.186032398	0.584896594	2.482300856	0.097368487	0.2
WP10	KP0783_HU_WP10	329	103.1460908	52.55226826	1.675625551	0.678400601	0.491396229	2.927053576	0.029778566	0.2
WP10	KP0784_AC_WP10	4028	49.91874405	26.68085759	1.356107084	0.181746667	0.557735643	2.501735537	0.069931451	0.2
WP10	KP0785_AC_WP10	206	122.9124461	128.147486	1	0.99105176	0.47466069	2.634679941	0.023108565	0.2
WP10	KP0786_HU_WP10	144	10.25978948	8.245147866	1.604585871	0	0.68825617	2.135213803	0.016239312	0.2
WP10	KP0787_AC_WP10	24885	44.19125519	112.5836605	1.637776976	0.000788836	0.636120691	2.439907409	0.225392343	0.2
WP10	KP0788_AC_WP10	182	35.91045777	11.28574472	2.29514454	0	0.598811274	2.593901081	0.023093145	0.2
WP10	KP0789_HU_WP10	88	102.0980976	34.46600129	1	1.361277455	0.581914516	2.204946019	0.01430309	0.2
WP10	KP0790_AC_WP10	1493	76.37132555	128.0298426	1.311332108	0	0.570110958	2.350598497	0.054243875	0.2
WP10	KP0791_AC_WP10	313	50.33511813	83.6505223	2.259202633	0.200706424	0.620180893	3.011904767	0.031148981	0.2
WP10	KP0792_AC_WP10	2969	106.7712906	78.71224473	1.136598031	0.038107118	0.753554932	2.796076456	0.077749148	0.2
WP10	KP0793_AC_WP10	1861	47.10268175	77.7261834	1.515459735	0.88947884	0.488002045	2.2581272	0.073076653	0.2
WP10	KP0794_AC_WP10	460	111.7980292	130.0066268	1.571918448	0	0.55634493	2.518736539	0.031369595	0.2
WP10	KP0795_LM_WP10	8957	32.21201068	24.39542558	1.099740726	0.12418697	0.476513601	1.791526857	0.130734505	0.2
WP10	KP0797_AC_WP10	1392	16.25106539	42.25709955	1.187277354	0.026649932	0.435526505	1.459377365	0.071796183	0.2
WP10	KP0799_AC_WP10	6382	20.10655187	36.78906227	1.352329309	0.028642257	0.551668062	1.977546908	0.113525538	0.2
WP10	KP0800_AC_WP10	1374	18.52634475	38.30659168	1.14681655	0.017342742	0.703206643	2.62220718	0.05234944	0.2
WP10	KP0801_AC_WP10	1112	41.41571679	20.83615095	1.394203491	0.842311802	0.474948631	2.30390295	0.060015132	0.2
WP10	KP0802_AC_WP10	614	43.51363459	31.98722931	1	0.743463477	0.457724367	2.779041323	0.039597321	0.2
WP10	KP0803_HU_WP10	300	44.44150608	65.01042095	1.363324387	1.004230831	0.437213159	2.200614237	0.028802237	0.2
WP10	KP0804_AC_WP10	2566	92.51480652	116.7579938	1.071261827	0.234748197	0.53157262	2.566127249	0.068053588	0.2
WP10	KP0805_HU_WP10	907	121.0747802	30.85261757	1	0.453133159	0.516501597	2.358600855	0.04235364	0.2
WP10	KP0806_AC_WP10	633	82.17106203	129.0145121	2.234050749	0	0.632741688	2.095097258	0.036922608	0.2
WP10	KP0807_AC_WP10	7348	87.77095275	105.1488516	1.613657495	0.006179331	0.617261492	2.17034552	0.130165737	0.2
WP10	KP0808_AC_WP10	8053	44.41389602	19.62540461	1.449776507	0.004513016	0.750853847	1.763078866	0.096862638	0.2
WP10	KP0809_AC_WP10	452	5.225217878	86.84218761	1.353405891	0	0.576246282	2.012583948	0.041646611	0.2
WP10	KP0810_AC_WP10	891	66.48706084	48.20690312	1	0.005577738	0.51540762	1.823163411	0.045798079	0.2
WP10	KP0811_AC_WP10	631	10.5124105	22.31119429	1.07940232	0.363290029	0.467770854	2.670752862	0.041588186	0.2
WP10	KP0812_AC_WP10	3628	90.46101734	92.5455351	1.726889818	0	0.549926232	2.663466198	0.092513491	0.2
WP10	KP0813_AC_WP10	7528	120.0121644	119.7212159	1	0.1037761	0.532206041	2.478346045	0.134483096	0.2
WP10	KP0815_AC_WP10	15991	45.13397901	32.0561992	1	0.103591709	0.354204891	1.486702564	0.209986737	0.2
WP10	KP0816_AC_WP10	2047	45.21047352	34.75616204	1	1.039964036	0.447155161	2.121636766	0.073793562	0.2
WP10	KP0817_AC_WP10	3578	31.8799281	112.1882083	1	0.019995419	0.582825144	1.765578792	0.093637253	0.2
WP10	KP0819_AC_WP10	1910	19.69420864	40.96085951	1	0.533852519	0.381410785	1.397700629	0.068402059	0.2
WP10	KP0820_AC_WP10	247	42.51088677	69.58640371	2.603544363	0	0.609191353	2.506663732	0.034579248	0.2
WP10	KP0823_AC_WP10	7973	95.09800886	64.68457986	1.915481253	0	0.582492197	1.965665515	0.104907587	0.2
WP10	KP0824_AC_WP10	12418	113.4506422	116.0762132	1	0.753398467	0.480129839	2.375468724	0.180007805	0.2
WP10	KP0825_AC_WP10	2828	75.05496682	96.80493043	1	0.783216726	0.570256203	2.34992379	0.09129697	0.2
WP10	KP0831_HU_WP10	307	122.3567785	95.12410699	1.796285168	1.215890229	0.498979987	3.058958863	0.031041346	0.2
WP10	KP0833_AC_WP10	1681	61.59675629	36.82946394	1.770557538	0.443674595	0.504038809	3.254481179	0.045533483	0.2
WP10	KP0835_AC_WP10	3390	121.5429782	84.79583018	1.154177734	0.019395549	0.532193616	3.518389764	0.108192256	0.2
WP10	KP0837_AC_WP10	10512	13.74146245	124.6606899	1	0.709020325	0.692334564	1.495909081	0.175862577	0.2
WP10	KP0845_AC_WP10	222	71.59694149	126.9544181	1.599765057	0.070493074	0.563420872	1.856103521	0.029421457	0.2
WP10	KP0849_AC_WP10	9428	27.98440083	133.3229538	1.06765415	0.107100483	0.628309505	2.37198328	0.13092014	0.2
WP10	KP0851_AC_WP10	2637	76.4637721	77.51164152	1.256772927	0.024669928	0.563382624	2.689001422	0.072714088	0.2
WP10	KP0853_AC_WP10	667	23.01895631	26.10554605	1.859306486	0	0.717248544	2.372689667	0.041271818	0.2
WP10	KP0855_AC_WP10	2734	50.1708517	84.84677455	1.143710687	0.798977277	0.538245479	2.794705072	0.090683892	0.2
WP10	KP0857_AC_WP10	33955	47.13857861	20.83994776	1.827177957	0.000870431	0.637422059	3.095026946	0.18667931	0.2
WP10	KP0859_HU_WP10	313	124.0877055	93.04983775	1.483549924	0.242708201	0.56095391	2.683496205	0.030187473	0.2
WP10	KP0861_AC_WP10	1565	89.27562381	130.9450315	1.940251636	0.043878268	0.488628054	3.269622248	0.061415036	0.2
WP10	KP0863_AC_WP10	1853	104.4910437	72.3724747	1.664513895	0	0.832778935	2.184100581	0.068014369	0.2
WP10	KP0879_AC_WP10	2627	96.75198695	94.53079954	1	0	0.807089643	2.369950248	0.073647837	0.2
WP10	KP0881_AC_WP10	5395	48.04925431	22.29173209	1.436236659	0	0.570113526	2.001965002	0.092989537	0.2
WP10	KP0883_AC_WP10	8477	102.620909	58.92907674	1.502341411	0.078649194	0.590008601	2.257112179	0.132002789	0.2
WP10	KP0885_AC_WP10	5194	110.4300552	52.27162958	1.543484861	0.087701542	0.577254488	2.80878769	0.097746786	0.2
WP10	KP0887_AC_WP10	7671	31.93394151	22.82348498	1.05811928	0.648886717	0.362080141	2.054274174	0.100533022	0.2
WP10	KP0889_LM_WP10	15446	54.39990574	39.90698553	1.017575477	0.454616071	0.433187224	1.868236728	0.177053629	0.2
WP10	KP0891_AC_WP10	334	32.21336186	35.01313872	1.170068746	0.027250501	0.517825462	1.957458751	0.026507262	0.2
WP10	KP0893_LM_WP10	3333	59.03865555	68.41308278	1.073646739	0.154297282	0.485987872	1.470456669	0.1180499	0.2
WP10	KP0895_AC_WP10	30907	51.31310997	38.24199128	1	0.538117444	0.46144327	2.069561709	0.281533196	0.2
plot_name	sample_name	colony_points	colony_elevation	ground_elevation	colony_rugosity	overhang_prop	outcrop_prop	environment_rugosity	colony_range	environment_range
WP10	KP0903_HU_WP10	275	39.18470167	15.78744449	1.593264292	0	0.65680968	2.272244633	0.023439329	0.2
WP05	KP0950_AC_WP05	13611	20.90447833	21.49007666	1.192205151	0.03609134	0.62360062	1.676491385	0.112416371	0.2
WP05	KP0952_HU_WP05	68	49.79928735	62.47273021	1.105302674	0.028561726	0.530048584	2.044845118	0.011443547	0.2
WP05	KP0954_HU_WP05	24	108.6281633	43.28990176	1	0.080366832	0.550727951	1.840033957	0.005557964	0.2
WP05	KP0955_HU_WP05	41	44.03833549	29.11052018	1.202398368	0.374248684	0.513285666	1.778138575	0.007709633	0.2
WP05	KP0956_HU_WP05	122	28.61452714	23.25133054	1.358088393	0	0.465084899	1.684966555	0.012239997	0.2
plot_name	sample_name	colony_points	colony_elevation	ground_elevation	colony_rugosity	overhang_prop	outcrop_prop	environment_rugosity	colony_range	environment_range
WP05	KP0958_HU_WP05	58	38.05211114	32.18630994	1.218268497	1.654040698	0.303431806	1.385335755	0.010768505	0.2
WP20	KP0959_HU_WP20	42	108.6138043	106.7448468	1	0.094825049	0.497891913	1.143851124	0.01	0.2
plot_name	sample_name	colony_points	colony_elevation	ground_elevation	colony_rugosity	overhang_prop	outcrop_prop	environment_rugosity	colony_range	environment_range
WP05	KP0961_HU_WP05	52	53.03796396	38.34143497	1.01907759	0.515450975	0.496764726	1.389285179	0.01	0.2
WP05	KP0962_AC_WP05	6787	43.7152268	64.72843032	1.000925315	0.988008736	0.473159865	1.705048039	0.111212873	0.2
WP05	KP0963_HU_WP05	266	126.3151288	46.81555881	1.230970441	0	0.505442027	1.761796569	0.020197963	0.2
WP05	KP0964_HU_WP05	76	120.8787176	124.348409	1	0.07633263	0.537914768	1.851344299	0.01	0.2
WP05	KP0965_AC_WP05	96	110.5019607	89.55671785	1.459202563	0.193757436	0.521751787	2.227179862	0.012757732	0.2
WP05	KP0966_AC_WP05	2327	66.03033914	23.37036533	1.269216363	0.628303915	0.332374021	2.125571979	0.053565578	0.2
WP05	KP0968_HU_WP05	15	57.05418289	17.13482058	2.32860825	0	0.509719279	2.087457425	0.00482574	0.2
WP05	KP0969_HU_WP05	22	54.18986915	59.49407658	1.289681428	0.050987594	0.608311873	1.514480762	0.005757281	0.2
WP05	KP0970_HU_WP05	140	30.92710416	52.78125126	1.302855148	0.129352487	0.551778012	1.827623081	0.015010789	0.2
WP05	KP0971_HU_WP05	221	31.28498281	16.1706168	1.411347869	0	0.473426625	1.744746571	0.018233408	0.2
WP05	KP0972_HU_WP05	209	53.24651524	43.8782523	1.22443015	0.019562816	0.53206378	1.272511939	0.018869295	0.2
WP05	KP0973_HU_WP05	290	57.28181147	73.61596457	1.757456994	0.003854661	0.50240971	1.882211959	0.022754524	0.2
WP05	KP0974_AC_WP05	4967	117.8741359	7.63770418	1.603556789	0	0.819730254	1.519681954	0.087274938	0.2
WP05	KP0975_AC_WP05	639	58.50915811	9.464487581	2.157345172	0	0.659249524	1.956513764	0.02971656	0.2
plot_name	sample_name	colony_points	colony_elevation	ground_elevation	colony_rugosity	overhang_prop	outcrop_prop	environment_rugosity	colony_range	environment_range
WP05	KP0977_AC_WP05	185	60.55885621	34.898882	1.923732371	0	0.680296219	1.990606514	0.016717264	0.2
WP05	KP0978_AC_WP05	7152	92.99718122	38.88226312	1.646725284	0	0.453240048	1.473477207	0.085486622	0.2
WP05	KP0979_HU_WP05	140	38.13284185	33.96834558	1.10290994	0	0.591643078	1.365892607	0.014101384	0.2
plot_name	sample_name	colony_points	colony_elevation	ground_elevation	colony_rugosity	overhang_prop	outcrop_prop	environment_rugosity	colony_range	environment_range
WP05	KP0981_AC_WP05	5060	28.57942894	78.59741649	1.102016421	0.247906345	0.616813114	1.922859265	0.094319953	0.2
WP05	KP0982_AC_WP05	15119	25.93019917	88.47919203	1.618373123	0.033959589	0.622702522	1.984874899	0.118924748	0.2
WP05	KP0983_AC_WP05	1700	110.1901812	19.79774951	1	0.874770332	0.532988954	1.432796845	0.064631147	0.2
WP05	KP0984_HU_WP05	192	59.93419252	54.77491445	1	0.527227632	0.510712205	1	0.019629966	0.2
plot_name	sample_name	colony_points	colony_elevation	ground_elevation	colony_rugosity	overhang_prop	outcrop_prop	environment_rugosity	colony_range	environment_range
WP05	KP0986_HU_WP05	174	41.97288144	124.9085008	1.501137619	0.081298695	0.667731813	1.686059493	0.015568365	0.2
WP05	KP0987_HU_WP05	72	42.88738967	115.4445844	1.156443341	0.213125256	0.618554911	1.501101475	0.009737762	0.2
WP05	KP0988_AC_WP05	81	41.7533463	65.30255421	1.009105033	0.059775228	0.68929842	1.610936657	0.01097185	0.2
plot_name	sample_name	colony_points	colony_elevation	ground_elevation	colony_rugosity	overhang_prop	outcrop_prop	environment_rugosity	colony_range	environment_range
CA10	KP0990_AC_CA10	22195	51.93232558	31.8550487	2.062029355	0.09178116	0.478626803	2.043947363	0.147650458	0.2
CA10	KP0991_AC_CA10	18917	96.90964436	15.2960934	1.898981528	0	0.661713842	1.650206413	0.120260818	0.2
CA10	KP0992_AC_CA10	1883	93.30374342	42.61486486	1.809509187	0	0.59967334	2.572770294	0.047554663	0.2
CA10	KP0993_AC_CA10	3064	42.62470895	12.20942272	1	0.062288548	0.304147819	1.631645309	0.050576434	0.2
CA10	KP0994_AC_CA10	3623	79.33472453	128.6146837	2.110125845	0	0.523083711	1.971244904	0.061243355	0.2
CA10	KP0996_AC_CA10	1750	116.3470524	105.5359712	1.719935658	0	0.543458437	1.875744858	0.049087134	0.2
CA10	KP0997_AC_CA10	11301	108.7021852	38.37950785	1.58063234	0	0.774898799	1.654491103	0.127692531	0.2
CA10	KP0998_AC_CA10	9552	84.94966475	38.9954369	1.205960371	0.120180356	0.498928158	2.111852583	0.109911504	0.2
CA10	KP0999_AC_CA10	14049	46.69248848	15.79219021	1.173236917	0	0.395889778	1.790871672	0.124996581	0.2
CA10	KP1000_AC_CA10	979	50.3952801	28.39038051	1.591458445	0.002008284	0.51606257	2.303682378	0.041132236	0.2
CA10	KP1001_AC_CA10	589	76.08321929	117.1073489	1.21850128	0	0.439854111	1.621028735	0.033213027	0.2
CA10	KP1002_AC_CA10	8149	96.03110208	76.1009666	2.377649462	0	0.705165595	2.187698811	0.087203109	0.2
plot_name	sample_name	colony_points	colony_elevation	ground_elevation	colony_rugosity	overhang_prop	outcrop_prop	environment_rugosity	colony_range	environment_range
CA10	KP1004_AC_CA10	6997	83.19086798	39.25127231	1.661522319	0.075048091	0.583397502	2.841994052	0.075202766	0.2
CA10	KP1005_AC_CA10	551	16.31906272	32.46897063	1.1747587	0.005784544	0.786807844	1.661262627	0.028705801	0.2
CA10	KP1006_AC_CA10	6065	86.39160693	85.36463544	1.934366447	0	0.649343262	2.724330336	0.08316117	0.2
CA10	KP1007_AC_CA10	1718	17.29232797	72.24454004	1.309698337	0.146697434	0.591165518	1.748260968	0.056840739	0.2
CA10	KP1008_AC_CA10	5079	104.4122446	91.56658086	1.855799153	0.12973166	0.58367268	2.593904513	0.082859808	0.2
CA10	KP1010_AC_CA10	1986	69.17462496	76.50066679	1.667148066	0	0.768380458	2.254723832	0.050764109	0.2
CA10	KP1011_AC_CA10	9252	101.4994092	83.77763095	1.294114727	0.002691332	0.653418069	1.87484655	0.122935048	0.2
CA10	KP1012_AC_CA10	4167	92.67142449	114.8280301	2.119203557	0	0.627973038	3.105730552	0.064178751	0.2
CA10	KP1013_AC_CA10	5434	102.2499492	53.54248515	2.263443885	0.003189217	0.806468569	1.946185883	0.067636702	0.2
CA10	KP1014_AC_CA10	1636	42.63596557	36.36908726	1.072314293	0.252614221	0.5284614	3.008890914	0.058350907	0.2
CA10	KP1015_AC_CA10	11438	100.341868	33.36636803	1.999213503	0	0.754573732	2.058129936	0.097444897	0.2
CA10	KP1016_AC_CA10	9582	68.28080205	26.32557684	1.94466335	0.001469005	0.544612329	3.501430177	0.094619174	0.2
CA10	KP1017_AC_CA10	321	16.80010605	27.77985059	1.060025335	0.252764338	0.807306745	1.824765089	0.025005261	0.2
CA10	KP1018_AC_CA10	3296	34.59171615	50.34810706	1.243272901	0.565955247	0.528482345	2.753015062	0.077151523	0.2
CA10	KP1019_AC_CA10	364	28.07827505	30.50461592	1.158284352	0	0.960324845	1.543748842	0.026848821	0.2
CA10	KP1020_AC_CA10	1105	117.5446406	110.397042	1.087290379	0.983629633	0.417440841	2.184158437	0.05583007	0.2
CA10	KP1021_AC_CA10	44844	69.05960295	68.98635891	1.967270891	0.000202101	0.570763975	1.899118632	0.217515973	0.2
CA10	KP1022_AC_CA10	1767	67.44170884	38.81647939	1	0.333530854	0.368600591	1.514207015	0.052922061	0.2
CA10	KP1023_AC_CA10	76973	101.4951587	24.02149924	2.825702457	0	0.632873267	2.282023628	0.232713891	0.2
CA10	KP1024_AC_CA10	16378	92.95312945	75.6534375	1.357079737	0.686349846	0.487474074	2.405495869	0.120677804	0.2
CA10	KP1025_AC_CA10	1154	112.4844346	16.12226247	2.049785388	0	0.350050931	1.899710233	0.039532165	0.2
CA10	KP1026_AC_CA10	35519	112.1012641	27.02799747	1.401640699	0.153131731	0.641197121	2.708484166	0.189065956	0.2
CA10	KP1027_AC_CA10	6075	88.03623023	21.07852347	1.476787717	0.023030403	0.794522576	1.928510017	0.086497496	0.2
CA10	KP1028_AC_CA10	24764	32.47525894	3.677310179	1.527102643	0.066149123	0.522487648	2.552231176	0.125448931	0.2
CA10	KP1029_AC_CA10	3905	92.06899827	38.7682619	1.962337945	0	0.525018576	1.650915887	0.072229305	0.2
CA10	KP1030_AC_CA10	700	109.3444181	107.5460391	1.589257599	0.025142938	0.637264607	1.742168725	0.033269234	0.2
CA10	KP1031_AC_CA10	1930	77.15122896	69.77656796	1.813558679	0	0.877999263	1.846910207	0.058871112	0.2
CA10	KP1032_AC_CA10	22323	134.3002081	38.80666616	2.150014496	0	0.767354207	1.876938282	0.145228794	0.2
CA10	KP1033_AC_CA10	488	38.37826407	55.85285492	1.044091398	0.097303022	0.579873938	1.769602134	0.031799726	0.2
CA10	KP1034_AC_CA10	516	4.942452677	37.68369917	1.157165937	0	0.629574843	1.861701271	0.028957304	0.2
CA10	KP1035_AC_CA10	3300	55.88630994	59.20746615	1.989005028	0	0.716261485	2.001619241	0.069226065	0.2
CA10	KP1036_AC_CA10	865	108.3581231	43.54272653	1.410810712	0.002655343	0.810542247	2.340808431	0.036792219	0.2
CA10	KP1037_AC_CA10	1560	11.22321882	21.73154191	1.488014269	0.164641505	0.494585357	2.50079735	0.050467931	0.2
CA10	KP1038_LM_CA10	671	39.63035088	123.6477154	1.622267756	0.874166733	0.442747914	2.204277678	0.032298927	0.2
CA10	KP1040_AC_CA10	7052	116.359814	80.05931553	1.376701672	0.03392123	0.526245828	2.068993374	0.088568627	0.2
CA10	KP1041_AC_CA10	375	111.7159888	37.78794675	1.225026486	0	0.947282805	1.742341474	0.024482658	0.2
CA10	KP1042_AC_CA10	3831	123.2359778	126.5372623	1.538556443	0.004992222	0.635295156	2.411976658	0.062434584	0.2
CA10	KP1043_LM_CA10	14798	115.9608477	44.7174155	1.74748807	0.533207114	0.491933219	1.52859146	0.150519384	0.2
CA10	KP1044_AC_CA10	10610	3.116933162	36.38662446	1.367727493	0	0.681933368	1.766276277	0.139363131	0.2
CA10	KP1045_AC_CA10	2632	19.97002476	89.78725818	1.617497322	0.00220351	0.615374526	1.800192279	0.065666896	0.2
CA10	KP1046_AC_CA10	8561	61.84900181	66.06115872	1.984728531	0.024323679	0.757883764	2.252337142	0.084809075	0.2
CA10	KP1048_AC_CA10	15635	85.5359802	38.51720593	2.242904335	0	0.733113322	2.070991506	0.123667965	0.2
CA10	KP1049_AC_CA10	617	51.70400758	74.21005403	1.420557875	0	0.938198999	1.731148944	0.032606554	0.2
CA10	KP1050_AC_CA10	4815	57.61530307	17.11048345	2.079412069	0	0.825746626	1.725796059	0.075517191	0.2
CA10	KP1052_AC_CA10	12655	78.99626484	41.88228072	1.379330081	0.01163482	0.468285978	2.484897981	0.112481346	0.2
CA10	KP1053_AC_CA10	2180	97.54335855	82.01000568	1.431110176	0.012297409	0.54301293	2.625618256	0.05678102	0.2
CA10	KP1054_AC_CA10	7945	79.24721221	83.4832712	1.836141868	0	0.814794547	2.169819867	0.107869807	0.2
CA10	KP1055_AC_CA10	20424	104.2065131	102.5977788	1.947240951	0.024200945	0.541193005	2.245826705	0.156764571	0.2
CA20	KP1056_AC_CA20	10301	47.47567995	82.38440547	2.550767905	0.000799996	0.904474158	1.928554915	0.143703527	0.2
CA10	KP1057_AC_CA10	6375	93.27863381	94.92195696	2.281654111	0.001417247	0.642009267	2.288238195	0.073436081	0.2
CA20	KP1058_LM_CA20	2109	37.01034343	27.09687791	1.035931195	0.868751324	0.461345818	2.531227258	0.055654713	0.2
CA20	KP1059_LM_CA20	3806	32.23473526	46.76943656	1	0.081195463	0.506961211	1.929035642	0.094821745	0.2
CA20	KP1060_AC_CA20	1443	27.70790312	60.25399071	2.560641995	0	0.759278009	2.165109676	0.043497478	0.2
CA20	KP1061_LM_CA20	13318	20.78640584	34.42417609	1.27273005	0.010200567	0.455367164	1.582550404	0.144813111	0.2
CA20	KP1062_AC_CA20	1618	84.32962189	121.9512342	1.038330306	0.122211865	0.531488602	1.71334388	0.045139903	0.2
CA20	KP1063_AC_CA20	164	78.3804738	57.05809671	1.81570991	0	0.746330561	1.848291173	0.016511782	0.2
CA20	KP1065_LM_CA20	6411	35.05522485	67.85875709	1.129600933	0.000900897	0.693440732	1.863324286	0.104625145	0.2
CA20	KP1066_AC_CA20	9807	87.77744217	27.65471076	2.232307321	0.286610808	0.479392435	2.879304182	0.092223117	0.2
CA20	KP1067_AC_CA20	2197	28.09911148	97.98877559	1.047135749	0.771936842	0.419939183	2.63994137	0.062158564	0.2
CA20	KP1068_AC_CA20	4048	83.9726041	10.43659929	1.757514987	0	0.5317093	2.855767947	0.064215133	0.2
CA20	KP1069_AC_CA20	4837	125.8208026	122.0962439	1.387268319	0.060678517	0.73335757	1.744057571	0.081984095	0.2
CA20	KP1070_AC_CA20	5622	52.95443273	67.63571723	2.24353263	0.130838876	0.553466453	2.300079915	0.078059338	0.2
CA20	KP1071_AC_CA20	1100	23.83556793	51.26068259	1.206485323	0.066287584	0.680697098	1.978601466	0.045207939	0.2
CA20	KP1072_AC_CA20	1627	94.44144314	99.49648178	1.046103533	0.414620012	0.519775754	2.68999709	0.042465947	0.2
CA20	KP1074_AC_CA20	540	75.74872935	99.64031892	1.346899886	0.852213511	0.516143502	3.124944187	0.029492781	0.2
CA20	KP1075_LM_CA20	1644	129.9100044	41.343874	1	0.010734291	0.535257221	1.829811607	0.053877496	0.2
CA20	KP1076_AC_CA20	4248	124.6811542	108.9554618	1.02457865	0.191978021	0.497643733	1.244180768	0.084990271	0.2
CA20	KP1077_AC_CA20	5620	107.9119528	126.8894277	1.350969178	0.000100059	0.749259298	2.906466104	0.088647154	0.2
CA20	KP1078_AC_CA20	8239	17.39706946	24.46693504	1.146767829	0.401235416	0.414241743	2.836551473	0.097637945	0.2
CA20	KP1080_AC_CA20	8382	99.19238755	95.912813	1.065232769	0.796737482	0.507176514	2.418091068	0.09672869	0.2
CA20	KP1083_LM_CA20	41018	8.784653389	44.68737973	1	0.000837122	0.417476488	1.537485909	0.27106134	0.2
CA20	KP1084_AC_CA20	404	57.12959037	96.30942247	1.728150648	0.047576561	0.533839714	2.49040937	0.025849971	0.2
CA20	KP1085_LM_CA20	34901	20.33058266	108.2630861	1	0.166751361	0.390140965	1.682790316	0.263837192	0.2
CA20	KP1086_AC_CA20	568	112.8398598	34.55326461	1.186458447	0.596402774	0.590089116	2.457047192	0.031473029	0.2
CA20	KP1087_LM_CA20	53527	45.24510284	47.28877164	1.40633863	0.253933333	0.438835186	2.456185363	0.275462119	0.2
CA20	KP1088_AC_CA20	21820	33.66129726	100.9232095	1.433464469	0.038598249	0.591402861	2.510012468	0.158225741	0.2
CA20	KP1090_AC_CA20	10457	22.01591495	91.43685561	1	0.037395514	0.565797228	2.153793979	0.125892252	0.2
CA20	KP1091_AC_CA20	35090	80.80616612	112.064826	1.367253909	0.209293831	0.547767209	3.096211104	0.195347227	0.2
CA20	KP1092_LM_CA20	36439	11.36274372	21.15489914	1	0.106782519	0.503743357	1.860881472	0.207544643	0.2
CA20	KP1093_LM_CA20	3609	47.90595005	69.74741362	1.327416579	0.815254065	0.505674321	2.054764385	0.0789584	0.2
CA20	KP1094_LM_CA20	155097	75.48147967	40.23002686	1.612421786	0.013377478	0.535254237	1.868895811	0.4206792	0.2
CA20	KP1095_HU_CA20	508	95.05733056	78.25281114	1.417863268	0.654966604	0.557109402	3.315729514	0.02908134	0.2
CA20	KP1096_AC_CA20	3768	80.29727476	58.56780761	1.381094379	0	0.504858399	1.160755722	0.090117849	0.2
CA20	KP1097_AC_CA20	8046	119.5093586	95.2265197	1.154596136	0.012161585	0.491538817	1.923274262	0.113836976	0.2
CA20	KP1098_AC_CA20	9667	84.69400507	40.89737247	1.60928762	0.009300876	0.602524506	3.71822974	0.108820233	0.2
CA20	KP1100_AC_CA20	3243	109.6655869	109.2285585	1.162241615	0.641283569	0.505275476	1.494429906	0.077535928	0.2
CA20	KP1101_LM_CA20	6855	94.62182312	134.3225455	1.550316778	0.819515476	0.462812231	2.151434505	0.099714078	0.2
CA20	KP1102_AC_CA20	5763	130.4743564	10.45434868	1.892547809	0	0.643110324	3.978482219	0.075715364	0.2
CA20	KP1103_LM_CA20	7464	39.19249449	13.3432566	1.10684675	0.597466847	0.441137769	1.937722162	0.106639364	0.2
CA20	KP1104_AC_CA20	8932	72.79268375	95.99970486	1.124431989	0	0.797512742	2.230894682	0.103659741	0.2
CA20	KP1105_AC_CA20	12054	95.74874747	81.55096727	1.829141742	0.632742985	0.545568169	2.176721697	0.122995882	0.2
CA20	KP1106_AC_CA20	13772	118.37362	72.6225387	2.263139578	0	0.804121872	2.520459526	0.129603627	0.2
CA20	KP1107_AC_CA20	20276	98.56735664	133.5146481	1.3103701	0.264436035	0.605878126	2.960653779	0.139007703	0.2
CA20	KP1108_AC_CA20	6377	114.8823001	49.69691797	1.147929529	0.053227576	0.694791974	2.749354017	0.072172936	0.2
CA20	KP1109_AC_CA20	3912	106.3285893	70.98063083	2.166568067	0.281385201	0.47916985	2.692178102	0.066255498	0.2
CA20	KP1110_LM_CA20	7195	9.789570718	96.30658675	1.262805521	0.027094564	0.601469246	2.157467793	0.094560564	0.2
CA20	KP1112_AC_CA20	4405	43.97463642	42.9303952	2.097305023	0.171273019	0.522014079	2.885218583	0.067767447	0.2
CA20	KP1113_AC_CA20	6652	128.7160094	32.07588026	1.823907972	0.562118643	0.566357345	2.395086718	0.09751334	0.2
CA20	KP1114_LM_CA20	23933	17.62125792	130.6679961	2.003042214	0.01042206	0.554331513	1.927918263	0.172186844	0.2
CA20	KP1115_AC_CA20	6122	58.8859104	72.031643	1.555867699	0.432129484	0.498602058	2.310830898	0.07648704	0.2
CA20	KP1116_AC_CA20	382	77.55816392	69.06183096	1.250248705	0.946120378	0.476077442	1.924391122	0.024520679	0.2
CA20	KP1117_LM_CA20	3775	86.4318529	82.37227024	1.108905916	0.558461869	0.496765488	1.551061715	0.080349054	0.2
CA20	KP1118_LM_CA20	4902	122.2210584	129.1829358	1	0.588518592	0.506698757	2.519291288	0.092942268	0.2
CA20	KP1120_AC_CA20	9819	108.2837773	44.09592714	1.945523244	0	0.673834782	2.550937602	0.117404218	0.2
CA20	KP1120a_AC_CA20	5228	3.461973933	12.22546596	1.099936709	0.006544159	0.812092363	1.420587027	0.086273861	0.2
CA20	KP1121_AC_CA20	1656	75.11268488	41.12910909	1.796366003	0.000826571	0.512534163	1.829917843	0.045562293	0.2
CA20	KP1122_LM_CA20	23821	21.32364568	108.8566242	1.386074831	0.14689092	0.509442621	2.938177482	0.173308426	0.2
CA20	KP1123_LM_CA20	16366	23.01733187	31.97184958	1.10584545	0.005105963	0.494962339	2.009181575	0.148803147	0.2
CA20	KP1124_AC_CA20	10209	120.2024877	50.4349322	1.438938424	0.018800842	0.73333821	2.490371722	0.113410093	0.2
CA20	KP1125_AC_CA20	4731	61.60203927	64.29478022	1.041234252	0.946896536	0.490947158	2.341280642	0.084413706	0.2
CA20	KP1127_AC_CA20	23326	76.15363503	34.36375009	1.616300493	0.002329799	0.578589722	3.723164436	0.124774176	0.2
CA20	KP1128_AC_CA20	3062	44.1611823	28.91271174	1.546455621	0.031950588	0.657418105	2.060453375	0.065417434	0.2
CA20	KP1129_AC_CA20	37778	33.86475652	92.14807332	1.132927533	0.014352778	0.55687733	2.278379039	0.19784358	0.2
CA20	KP1130_AC_CA20	63790	22.93826158	39.18534064	1.186765757	0.309732694	0.459716596	2.62077415	0.27272864	0.2
CA20	KP1131_AC_CA20	12469	102.8499922	25.62063845	1.46869165	0.340119666	0.641269109	2.852227611	0.128494009	0.2
CA20	KP1132_AC_CA20	4434	31.3278543	46.45577194	1.584693045	0.001433252	0.672287909	2.970051628	0.074132429	0.2
CA20	KP1133_LM_CA20	55148	45.00390676	25.27021426	1.604951733	0.007922898	0.504205119	1.733353863	0.271588697	0.2
CA20	KP1134_AC_CA20	2156	11.07477338	110.7773176	1	0.082009453	0.453234606	1.841463181	0.062493288	0.2
CA20	KP1135_AC_CA20	4968	68.69430906	40.954388	1.779992441	0	0.756476232	1.686079141	0.07832201	0.2
CA20	KP1136_AC_CA20	1336	35.63524548	20.91704571	1.994243435	0.051118167	0.655370132	2.694997682	0.045968503	0.2
CA20	KP1137_AC_CA20	5198	33.02346719	34.92759761	1	0.01333202	0.629476402	2.790121528	0.098427657	0.2
CA20	KP1138_LM_CA20	18067	65.70353723	110.0252932	1.336314885	0.208153597	0.52770312	1.591918781	0.151639228	0.2
CA20	KP1139_AC_CA20	1263	20.34474055	31.01901711	1.654956681	0.03457724	0.649350015	3.299307886	0.041928527	0.2
CA20	KP1140_AC_CA20	3984	103.4843326	94.50387793	1.48978078	0.097602785	0.663805086	2.704806481	0.075579811	0.2
CA20	KP1141_AC_CA20	34929	30.30020675	9.187097999	1.23629902	0.014727391	0.474723148	1.92232395	0.215681193	0.2
CA20	KP1142_AC_CA20	1869	127.2244944	42.22895398	1.524426744	0.188616912	0.441703192	2.23092377	0.052759811	0.2
CA20	KP1143K_AC_CA20	61223	121.0871546	121.9996251	2.067467192	0	0.604534929	3.904499736	0.221438409	0.2
CA20	KP1143_AC_CA20	8457	118.5759474	36.36768314	1.980133316	0.00179123	0.750181924	2.776789165	0.108285095	0.2
CA20	KP1144_LM_CA20	16948	48.09464902	46.5142831	1.219710853	0.310236288	0.429257319	1.788174606	0.161199635	0.2
CA20	KP1146_LM_CA20	8019	65.22012802	109.1324556	1.179034871	0.879496174	0.509618315	2.434300186	0.114337902	0.2
CA20	KP1147_AC_CA20	388	61.22452895	120.3695494	1.658957979	0.162672525	0.470637771	3.119613881	0.025556646	0.2
CA20	KP1148_AC_CA20	4807	96.76288939	109.8328059	1.584985532	0.390359432	0.518743131	2.314108651	0.066595504	0.2
CA20	KP1149_AC_CA20	1959	35.09861862	73.90525747	1.263028622	0.01433321	0.493561832	3.318968932	0.051449447	0.2
CA20	KP1150_AC_CA20	10395	107.3768365	34.859751	1.814258791	0.00010036	0.513147557	2.35065118	0.106998235	0.2
CA20	KP1151_AC_CA20	8162	80.66128233	44.08746634	1.798873289	0	0.561059803	2.660414762	0.099340242	0.2
CA20	KP1163_AC_CA20	502	60.3275842	51.15273422	1.58675003	1.118011579	0.483869776	2.011875321	0.023384448	0.2
CA20	KP1164_LM_CA20	8568	119.7987336	120.2392385	1.112503393	0.006044762	0.504620158	2.340858556	0.100447404	0.2
CA20	KP1165_AC_CA20	2421	44.04535653	45.02652578	1.041621872	0.274709958	0.441471601	1.790730116	0.062651942	0.2
CA20	KP1166_LM_CA20	29566	22.83234732	44.02847682	1.491551835	0.12461141	0.462894544	2.593835376	0.188908577	0.2
CA20	L11_AC_CA20	3204	89.4835345	74.67286656	1.710976268	0.091736988	0.640247608	2.070652702	0.068007108	0.2
CA20	L12_AC_CA20	7537	50.17644044	32.30431015	1.139239376	0.6825378	0.562113074	1.911988577	0.100141999	0.2
CA20	L14_AC_CA20	2533	91.30542199	27.29341312	1.073847614	0.176864311	0.561994264	3.759514233	0.055106736	0.2
CA20	L15_AC_CA20	11550	96.009134	83.68251019	1.132797933	0.704817916	0.489136804	2.168950474	0.129983932	0.2
CA20	L16_LM_CA20	14931	13.657461	130.2928102	1.049217915	0.004348942	0.433934982	2.265671121	0.143689689	0.2
CA20	P424028_LM_CA20	1846	68.844284	19.03409961	1.437809568	0.685183731	0.463547298	2.086990023	0.051986968	0.2
CA20	P4250159_LM_CA20	1771	43.9304518	35.26019522	1	0.440752222	0.503883365	2.729171289	0.048014757	0.2