plot_name	sample_name	colony_points	theta	psi	elevation	plane_i,	plane_j	plane_k	axis_i	axis_j	axis_k
cur_kal_20m_20200214	KP0287_LM_WP20	8402	36.47209787155931	-66.37392837297075	112.5977193071814	-0.284046903195365	0.878443342247265	-0.384258573419745	-0.878443342247265	-0.284046903195365	0.0
cur_kal_20m_20200214	KP0288_LM_WP20	17958	27.419378911141067	-40.035136834072226	44.637015041537204	0.36914942878776424	-0.5978240427403101	0.7115722824473275	-0.5978240427403101	-0.36914942878776424	0.0
cur_kal_20m_20200214	KP0289_AC_WP20	3128	-20.71571694628097	-13.486380405259798	24.1235795558291	-0.3451538963233962	-0.2188822958446235	0.9126660552571051	-0.2188822958446235	0.3451538963233962	0.0
cur_kal_20m_20200214	KP0290_LM_WP20	4281	-0.006673302011047362	-22.6128266599446	22.61282745502433	-0.00010751727922086197	-0.3845019875212029	0.9231241574307756	-0.3845019875212029	0.00010751727922086197	0.0
cur_kal_20m_20200214	KP0291_AC_WP20	537	-9.523492300238326	77.9375397395963	77.94505739058202	-0.03503746801143567	0.9773199236229264	0.20884956960699017	0.9773199236229264	0.03503746801143567	-0.0
cur_kal_20m_20200214	KP0292_AC_WP20	1010	-73.25462456496255	13.937913796159751	106.70147798490734	0.9551559201184006	-0.07132250206855763	-0.28738522745863626	0.07132250206855763	0.9551559201184006	-0.0
cur_kal_20m_20200214	KP0293_LM_WP20	25133	-9.997569860332106	-57.99102800883533	121.85377160337686	0.0930340449934223	0.8442874196886956	-0.5277531804049753	-0.8442874196886956	0.0930340449934223	0.0
cur_kal_20m_20200214	KP0294_AC_WP20	1848	-74.645066249401	79.08501076950346	81.03190859338949	-0.5676783548032096	0.8083571879371808	0.1558843872817756	0.8083571879371808	0.5676783548032096	-0.0
cur_kal_20m_20200214	KP0295_AC_WP20	12045	21.266497708846803	37.55986295191187	40.75721213814693	0.29482007642438635	0.5824954182098305	0.7574828118853084	0.5824954182098305	-0.29482007642438635	0.0
cur_kal_20m_20200214	KP0296_AC_WP20	429	-15.860790696634574	-36.99529617407849	38.84157047242335	-0.2212945440095178	-0.5868302909537665	0.7788831327039618	-0.5868302909537665	0.2212945440095178	0.0
cur_kal_20m_20200214	KP0297_AC_WP20	405	33.81244269215716	58.36210238456267	60.33710297667689	0.33145970168657723	0.8032511128888683	0.4948960656548401	0.8032511128888683	-0.33145970168657723	0.0
cur_kal_20m_20200214	KP0298_AC_WP20	1031	-12.932588615824736	16.0697688320411	20.223230069203602	-0.2154732987582516	0.2703053891705106	0.9383529475136826	0.2703053891705106	0.2154732987582516	-0.0
cur_kal_20m_20200214	KP0299_AC_WP20	905	39.850777328961726	62.71060555684684	64.64652493533404	0.3574074045871227	0.8300020763226712	0.4282014717937709	0.8300020763226712	-0.3574074045871227	0.0
cur_kal_20m_20200214	KP0300_AC_WP20	1254	-86.04878409600192	85.85079930927002	92.86374432765346	0.7233248999798807	-0.6886980409401626	-0.049960959501172464	0.6886980409401626	0.7233248999798807	-0.0
cur_kal_20m_20200214	KP0301_AC_WP20	408	-53.2746982895064	58.667266865605036	64.74759167382636	-0.5718097147900084	0.7007426954453975	0.42660675668780507	0.7007426954453975	0.5718097147900084	-0.0
cur_kal_20m_20200214	KP0302_AC_WP20	374	12.099420823479743	37.00926635783365	38.08568899919589	0.16872896394092854	0.5933137944251038	0.7870891169825095	0.5933137944251038	-0.16872896394092854	0.0
cur_kal_20m_20200214	KP0303_AC_WP20	1887	44.26538794737673	-73.61277219090694	105.78510247747816	-0.2651423713508088	0.9250400934027463	-0.27203005075158193	-0.9250400934027463	-0.2651423713508088	0.0
cur_kal_20m_20200214	KP0304_AC_WP20	10534	86.28198483959856	-88.00677171552309	91.75725909156296	-0.47189607094812586	0.8811207334215704	-0.030665148921133006	-0.8811207334215704	-0.47189607094812586	0.0
cur_kal_20m_20200214	KP0305_AC_WP20	3807	-83.60465795761591	86.31819785370728	86.80588963746501	-0.497109752947733	0.8658968188489787	0.05571887141232103	0.8658968188489787	0.497109752947733	-0.0
cur_kal_20m_20200214	KP0306_LM_WP20	2937	21.229747903017678	17.043533968909745	26.329155341096357	0.34817212887771326	0.27475925682652386	0.8962608545847003	0.27475925682652386	-0.34817212887771326	0.0
cur_kal_20m_20200214	KP0309_AC_WP20	2042	84.2364292941064	-82.29523826680781	85.3748418960978	0.7989044441269174	-0.5960280436929261	0.08063659396232346	-0.5960280436929261	-0.7989044441269174	0.0
cur_kal_20m_20200214	KP0310_AC_WP20	10787	70.65920997382055	-19.469460981200612	70.7955880098229	0.9371640188758753	-0.11628626328576715	0.32893936629028003	-0.11628626328576715	-0.9371640188758753	0.0
cur_kal_20m_20200214	KP0311_AC_WP20	504	39.08760392927042	-16.367833798082902	40.819971436403115	0.6147362462273639	-0.22226713437110177	0.7567672485994279	-0.22226713437110177	-0.6147362462273639	0.0
cur_kal_20m_20200214	KP0312_AC_WP20	359	66.78055582206747	-71.87876670562969	104.58473325055895	-0.5869700266815349	0.7694525047701852	-0.25181149830848903	-0.7694525047701852	-0.5869700266815349	0.0
cur_kal_20m_20200214	KP0313_AC_WP20	1515	74.37265596111409	-82.18726073871801	97.02272625515236	-0.43709148265126785	0.89106834106849	-0.12226302523316498	-0.89106834106849	-0.43709148265126785	0.0
cur_kal_20m_20200214	KP0315_AC_WP20	1467	68.83609037975185	-40.96197675520619	69.84798993387871	0.8898671179017954	-0.29907856080197	0.34451201277426385	-0.29907856080197	-0.8898671179017954	0.0
cur_kal_20m_20200214	KP0316_AC_WP20	111	-20.600456905882226	28.73527830631832	33.61434578513179	-0.3130300006307405	0.45660186919322365	0.8327826557718243	0.45660186919322365	0.3130300006307405	-0.0
cur_kal_20m_20200214	KP0317_AC_WP20	269	-53.30116567837324	-54.73671641272845	117.156674183392	0.6123674355998824	0.6455091980987555	-0.4564252392087073	-0.6455091980987555	0.6123674355998824	0.0
cur_kal_20m_20200214	KP0318_LM_WP20	661	48.60349664406877	-11.482339489392078	49.05152710412267	0.743474196439682	-0.13312821711648928	0.6553800401566668	-0.13312821711648928	-0.743474196439682	0.0
cur_kal_20m_20200214	KP0319_LM_WP20	3417	51.30608810813923	-12.642403951733561	51.7493703140257	0.7729346387156985	-0.1388669857699929	0.6191025799789476	-0.1388669857699929	-0.7729346387156985	0.0
cur_kal_20m_20200214	KP0320_LM_WP20	7582	14.348927718395373	-20.834748834391057	24.633493440056245	0.23252615843545077	-0.3459248820866396	0.9089926081088868	-0.3459248820866396	-0.23252615843545077	0.0
cur_kal_20m_20200214	KP0321_LM_WP20	938	49.50308161471464	35.23044972716322	53.8225289197945	0.6912141021247593	0.41687259664078075	0.5902883220883128	0.41687259664078075	-0.6912141021247593	0.0
cur_kal_20m_20200214	KP0322_LM_WP20	40636	23.71759678733426	-17.52532114330697	28.415633491837195	0.38640395782148174	-0.27773859377755583	0.8795187632486076	-0.27773859377755583	-0.38640395782148174	0.0
cur_kal_20m_20200214	KP0323_AC_WP20	51	27.997760667272672	-81.27324523277767	98.69828158968879	-0.08040345967478028	0.9852230284960736	-0.15123117335176328	-0.9852230284960736	-0.08040345967478028	0.0
cur_kal_20m_20200214	KP0324_AC_WP20	4196	-64.81169699530722	74.51190680465652	76.57233734309516	-0.49374900286764056	0.8380256187524499	0.23221753698156447	0.8380256187524499	0.49374900286764056	-0.0
cur_kal_20m_20200214	KP0325_AC_WP20	1526	-4.268013148616598	58.41919647358561	58.44606271361918	-0.03905341371266209	0.8512525479019077	0.5233009942355336	0.8512525479019077	0.03905341371266209	-0.0
cur_kal_20m_20200214	KP0326_AC_WP20	2733	-21.644156665044758	43.13155460713817	45.49401274150969	-0.2781642284349252	0.6566935233346393	0.7009837932716707	0.6566935233346393	0.2781642284349252	-0.0
cur_kal_20m_20200214	KP0327_AC_WP20	4668	54.701129666780865	75.30426005182414	76.18318495671018	0.33730949932018406	0.9105976322341804	0.2388184537213803	0.9105976322341804	-0.33730949932018406	0.0
cur_kal_20m_20200214	KP0328_LM_WP20	2580	28.11223775042467	33.26596285060721	40.23224268963906	0.4078446631781902	0.5008325773572134	0.7634326821500369	0.5008325773572134	-0.4078446631781902	0.0
cur_kal_20m_20200214	KP0329_AC_WP20	5517	41.43595487192009	-41.74692605282805	51.457391056884845	0.550028739191018	-0.5560747997062736	0.6230964637963906	-0.5560747997062736	-0.550028739191018	0.0
cur_kal_20m_20200214	KP0330_LM_WP20	10801	-21.479940153181396	10.795257980796588	23.618246162016153	-0.36054413247733613	0.17470262070419032	0.9162351897058161	0.17470262070419032	0.36054413247733613	-0.0
cur_kal_20m_20200214	KP0331_AC_WP20	3887	-10.183351854975484	-11.817295236554056	15.416561805055629	-0.1731651608342515	-0.2016976957493388	0.9640186028301814	-0.2016976957493388	0.1731651608342515	0.0
cur_kal_20m_20200214	KP0332_AC_WP20	3836	74.45568702401536	-68.13581078002876	77.12319564201066	0.8011841680947546	-0.555373177257968	0.22285547508801695	-0.555373177257968	-0.8011841680947546	0.0
cur_kal_20m_20200214	KP0333_AC_WP20	269	54.776773736609904	-13.552824239769983	55.161254663286606	0.8091284945349728	-0.1377066524285944	0.5712687259149399	-0.1377066524285944	-0.8091284945349728	0.0
cur_kal_20m_20200214	KP0334_AC_WP20	2638	88.34516919320335	-88.45324375682286	91.13014499921991	-0.682702706381401	0.7304300098859396	-0.01972347224848861	-0.7304300098859396	-0.682702706381401	0.0
cur_kal_20m_20200214	KP0335_AC_WP20	692	-64.43245518279477	77.5958807253554	78.69918658633381	-0.40959546292871435	0.8909720586950501	0.19596006576064529	0.8909720586950501	0.40959546292871435	-0.0
cur_kal_20m_20200214	KP0336_AC_WP20	1282	8.756921583068555	19.175153430377186	20.823801158498636	0.14397630643124848	0.3250349328840482	0.9346780812619271	0.3250349328840482	-0.14397630643124848	0.0
cur_kal_20m_20200214	KP0337_AC_WP20	1317	-46.38193387167164	-50.467729284784554	121.9574265875006	0.5554573721129578	0.6413425640030901	-0.5292889790684382	-0.6413425640030901	0.5554573721129578	0.0
cur_kal_20m_20200214	KP0338_AC_WP20	6595	72.5521587114138	78.77449964777801	80.47388860856945	0.5265606046646008	0.833873281720042	0.1654970683991028	0.833873281720042	-0.5265606046646008	0.0
cur_kal_20m_20200214	KP0339_AC_WP20	339	73.94458692233982	34.64462782468296	74.23748356041185	0.9439121847026035	0.1877117141780074	0.27165069469874725	0.1877117141780074	-0.9439121847026035	0.0
cur_kal_20m_20200214	KP0340_AC_WP20	7433	22.04753300539675	-24.484817020967988	31.35966150624575	0.34582935571749646	-0.3888793330654875	0.8539173970815696	-0.3888793330654875	-0.34582935571749646	0.0
cur_kal_20m_20200214	KP0341_LM_WP20	5321	64.98704332759893	0.005339062591180007	64.9870433483492	0.9062121937067288	3.940045070179802e-05	0.4228231999605068	3.940045070179802e-05	-0.9062121937067288	0.0
cur_kal_20m_20200214	KP0342_LM_WP20	24461	73.61472581047978	28.077242182768757	73.80220253363551	0.9487051913708242	0.14880530681292534	0.27895419073811945	0.14880530681292534	-0.9487051913708242	0.0
cur_kal_20m_20200214	KP0343_LM_WP20	5373	33.324689460574184	9.649297481876973	34.181278120744814	0.5439214459268699	0.140653515190989	0.8272641956021313	0.140653515190989	-0.5439214459268699	0.0
cur_kal_20m_20200214	KP0344_LM_WP20	48265	21.45572315557867	35.29640558726823	38.99785352851701	0.3054416654229351	0.5501935110197652	0.7771695371380734	0.5501935110197652	-0.3054416654229351	0.0
cur_kal_20m_20200214	KP0345_LM_WP20	23718	82.97277892362226	-78.24761422057824	83.94643597207705	0.855527382962954	-0.5069038098878765	0.10545816479398122	-0.5069038098878765	-0.855527382962954	0.0
cur_kal_20m_20200214	KP0346_AC_WP20	2434	-10.143104901632986	-51.583924669106665	128.13842913918657	0.11048423494768335	0.7787223517856019	-0.6175635454408934	-0.7787223517856019	0.11048423494768335	0.0
cur_kal_20m_20200214	KP0347_AC_WP20	5399	47.52870336944501	-31.62514687026761	51.42996509850129	0.6810836621462908	-0.383939091883273	0.6234707843044813	-0.383939091883273	-0.6810836621462908	0.0
cur_kal_20m_20200214	KP0348_LM_WP20	29970	53.72592926222325	-48.10423608605122	60.40219252325744	0.6730132175282275	-0.5505520051014133	0.493908593477696	-0.5505520051014133	-0.6730132175282275	0.0
cur_kal_20m_20200214	KP0349_LM_WP20	48636	37.150818904487444	-2.4406465631394116	37.194396934389545	0.6035669722700531	-0.03395309574315883	0.7965890391376327	-0.03395309574315883	-0.6035669722700531	0.0
cur_kal_20m_20200214	KP0350_LM_WP20	90064	48.490526251081086	43.322500559661755	55.80590355615678	0.6350117562007279	0.5300171155993485	0.5619981553871989	0.5300171155993485	-0.6350117562007279	0.0
cur_kal_20m_20200214	KP0351_AC_WP20	2322	-83.14641242688919	87.25878464718262	87.45314398010287	-0.36971332511405675	0.9280826821025938	0.04443638615328551	0.9280826821025938	0.36971332511405675	-0.0
cur_kal_20m_20200214	KP0352_AC_WP20	10435	87.0667197100885	-84.74489519164577	87.4370012864824	0.872710737732778	-0.4861854401413201	0.04471784923831941	-0.4861854401413201	-0.872710737732778	0.0
cur_kal_20m_20200214	KP0353_AC_WP20	9399	80.79733751785187	-66.70363601073473	81.37768002311714	0.9253647164711112	-0.34817234589928875	0.14992050914176466	-0.34817234589928875	-0.9253647164711112	0.0
cur_kal_20m_20200214	KP0354_AC_WP20	365	-36.942283029375254	-2.5428298304715167	36.990207015908965	-0.600631980207977	-0.03547190192697904	0.798738360494303	-0.03547190192697904	0.600631980207977	0.0
cur_kal_20m_20200214	KP0355_AC_WP20	3307	-74.20245594464104	64.04875618123494	103.7445153405055	0.8397729327472097	-0.4881915924524414	-0.2375929091616574	0.4881915924524414	0.8397729327472097	-0.0
cur_kal_20m_20200214	KP0356_AC_WP20	7438	-70.00019711497272	-67.39233661965451	105.32523266574337	0.7261600347117011	0.634695416917211	-0.26429780879112236	-0.634695416917211	0.7261600347117011	0.0
cur_kal_20m_20200214	KP0357_AC_WP20	2670	57.09973249230339	-18.001570731216898	57.662198519407106	0.8268363556649534	-0.17381897581781294	0.5349099032513281	-0.17381897581781294	-0.8268363556649534	0.0
cur_kal_20m_20200214	KP0358_AC_WP20	43177	17.109974564397316	32.5022084358203	35.28294356178178	0.25128518527580523	0.5200907904108828	0.8163095769318693	0.5200907904108828	-0.25128518527580523	0.0
cur_kal_20m_20200214	KP0359_AC_WP20	1053	54.857197124861806	-25.2812446057588	56.257899964228315	0.7890796508351603	-0.262340234067684	0.5554555843874236	-0.262340234067684	-0.7890796508351603	0.0
cur_kal_20m_20200214	KP0360_AC_WP20	953	57.97647908380844	-71.08170847965637	106.7288559060183	-0.4602243711728444	0.8398452292982621	-0.2878428720734796	-0.8398452292982621	-0.4602243711728444	0.0
cur_kal_20m_20200214	KP0361_AC_WP20	919	-77.29665348572397	82.67670085912219	83.62951200573804	-0.4922211893210935	0.8633694659703015	0.11095704580370135	0.8633694659703015	0.4922211893210935	-0.0
cur_kal_20m_20200214	KP0362_AC_WP20	847	73.78186620996357	-64.03310224425908	75.97876094759644	0.8329545115145938	-0.497480077788993	0.24228155924572928	-0.497480077788993	-0.8329545115145938	0.0
cur_kal_20m_20200214	KP0363_AC_WP20	4088	66.35697059761054	52.053255390330705	69.10619548733055	0.8146416041794845	0.45735010781880947	0.3566369801604979	0.45735010781880947	-0.8146416041794845	0.0
cur_kal_20m_20200214	KP0364_AC_WP20	12163	-72.48627156761776	-55.73213457294377	105.97860689970709	0.872342726663906	0.40402965032585486	-0.27527842068376723	-0.40402965032585486	0.872342726663906	0.0
cur_kal_20m_20200214	KP0365_AC_WP20	841	-83.35486627546432	-85.67777967504566	93.62805148056995	0.5431578386001262	0.837242684793542	-0.06327913658498169	-0.837242684793542	0.5431578386001262	0.0
cur_kal_20m_20200214	KP0366_AC_WP20	113	-49.05822182349215	46.67516992693163	122.55803253207164	0.6203468774095359	-0.5705790811537408	-0.538153569009805	0.5705790811537408	0.6203468774095359	-0.0
cur_kal_20m_20200214	KP0367_AC_WP20	1354	82.53999861313598	-77.09205137077353	83.51371386703762	0.8627108979147071	-0.4929185791825238	0.11296539698457059	-0.4929185791825238	-0.8627108979147071	0.0
cur_kal_20m_20200214	KP0368_AC_WP20	926	84.32777009131162	-76.88905891937058	84.77977797182001	0.9160349967426336	-0.39064278443488376	0.09098406295436781	-0.39064278443488376	-0.9160349967426336	0.0
cur_kal_20m_20200214	KP0369_AC_WP20	5984	54.77488923626646	10.58369608324092	55.00747651811534	0.812188966489563	0.10715301632077752	0.5734695404343416	0.10715301632077752	-0.812188966489563	0.0
cur_kal_20m_20200214	KP0370_AC_WP20	10546	-18.537449899803175	9.237520153241205	20.439510384332614	-0.31421085599991627	0.1523973748786902	0.9370413961516769	0.1523973748786902	0.31421085599991627	-0.0
cur_kal_20m_20200214	KP0371_AC_WP20	359	80.34658800474948	-78.99653530579396	82.7044482379277	0.7465626549871517	-0.6530837246047548	0.12698760110702126	-0.6530837246047548	-0.7465626549871517	0.0
cur_kal_20m_20200214	KP0372_AC_WP20	20313	75.69391221039939	-76.77493898698006	99.80475682163188	-0.6677829674485822	0.7246149172898122	-0.170291309310383	-0.7246149172898122	-0.6677829674485822	0.0
cur_kal_20m_20200214	KP0373_AC_WP20	794	50.00557868759919	-36.434746370491354	54.50219631024248	0.6921544950764777	-0.4286519288568518	0.5806717479202226	-0.4286519288568518	-0.6921544950764777	0.0
cur_kal_20m_20200214	KP0374_AC_WP20	12805	68.34791980090502	-45.00464279604826	69.74788584687435	0.8719628386473885	-0.346207778426091	0.3461516751010441	-0.346207778426091	-0.8719628386473885	0.0
cur_kal_20m_20200214	KP0375_LM_WP20	8512	-15.415692058435951	-16.388320648820148	21.956493319226112	-0.2557405661464095	-0.2727632660957329	0.927468039069758	-0.2727632660957329	0.2557405661464095	0.0
cur_kal_20m_20200214	KP0376_LM_WP20	8864	8.362642700927776	-28.92924840053579	29.76570826930419	0.12760608314983937	-0.47977470684527357	0.8680627386397184	-0.47977470684527357	-0.12760608314983937	0.0
cur_kal_20m_20200214	KP0377_LM_WP20	23956	-74.18474162157447	81.95468110349206	82.79176557930553	-0.442971832517744	0.8877115381716012	0.1254758167651508	0.8877115381716012	0.442971832517744	-0.0
cur_kal_20m_20200214	KP0378_AC_WP20	277	41.08327439546515	35.81521810398566	48.53653366563669	0.5772832929531366	0.47781952826821644	0.6621423548472959	0.47781952826821644	-0.5772832929531366	0.0
cur_kal_20m_20200214	KP0379_AC_WP20	20	-30.866249576131416	38.92506841323815	45.135184562056295	-0.4216308245910133	0.5697252449243676	0.7054364557141709	0.5697252449243676	0.4216308245910133	-0.0
cur_kal_20m_20200214	KP0380_LM_WP20	4204	-8.97151408791631	36.74067693700341	37.34341406996074	-0.12551271776863107	0.5934637006661467	0.795014083944413	0.5934637006661467	0.12551271776863107	-0.0
cur_kal_20m_20200214	KP0381_AC_WP20	5628	-58.72694660628345	78.24170272970483	78.86047277631052	-0.3180932738447495	0.9281653172209796	0.19319889503516188	0.9281653172209796	0.3180932738447495	-0.0
cur_kal_20m_20200214	KP0382_AC_WP20	510	-89.02716096295832	89.71022529330872	89.72228133758793	-0.28544381514503175	0.9583831875361998	0.004847086073354604	0.9583831875361998	0.28544381514503175	-0.0
cur_kal_20m_20200214	KP0383_AC_WP20	2485	-68.46282201709917	63.5116190938774	107.19135164946248	0.7489071183415882	-0.5931105595029492	-0.29556385486624875	0.5931105595029492	0.7489071183415882	-0.0
cur_kal_20m_20200214	KP0384_AC_WP20	16269	45.876517001898115	22.19101562848331	47.954230040535556	0.6905350576538319	0.27318682076154643	0.6697240440011225	0.27318682076154643	-0.6905350576538319	0.0
cur_kal_20m_20200214	KP0385_AC_WP20	7625	51.157576656982286	14.2377782561299	51.728655872714974	0.769194420170106	0.15716348542445244	0.6193864567686416	0.15716348542445244	-0.769194420170106	0.0
cur_kal_20m_20200214	KP0386_AC_WP20	179	-50.051414782967356	54.20429784024672	61.34442099536577	-0.5725400731325696	0.6650083309153194	0.4795433082325026	0.6650083309153194	0.5725400731325696	-0.0
cur_kal_20m_20200214	KP0387_AC_WP20	24	-9.688402308873451	-2.724895750116887	10.050438165687673	-0.1681049490527145	-0.04686393310805218	0.9846545068589431	-0.04686393310805218	0.1681049490527145	0.0
cur_kal_20m_20200214	KP0388_AC_WP20	264	18.536070238490616	-50.97250793890959	128.03266771216167	-0.2065791288538793	0.7600873040803456	-0.6161106667619419	-0.7600873040803456	-0.2065791288538793	0.0
cur_kal_20m_20200214	KP0389_AC_WP20	330	16.86153501653449	-10.415847815173823	19.5182128935362	0.28567309896972215	-0.17325710231499958	0.9425353346280685	-0.17325710231499958	-0.28567309896972215	0.0
cur_kal_20m_20200214	KP0390_AC_WP20	46	21.729653655330903	73.37105000544453	73.48124327472767	0.11331883176634422	0.9520061658608205	0.2843292150484901	0.9520061658608205	-0.11331883176634422	0.0
cur_kal_20m_20200214	KP0391_LM_WP20	20989	48.01029092672712	-2.647515763750951	48.03494430273784	0.7429096098834005	-0.030920158862221523	0.668677243009532	-0.030920158862221523	-0.7429096098834005	0.0
cur_kal_20m_20200214	KP0392_AC_WP20	2136	-80.15766463623552	61.898199084626995	99.3694384978913	0.9383753475560614	-0.3048736852137432	-0.16279970258950757	0.3048736852137432	0.9383753475560614	-0.0
cur_kal_20m_20200214	KP0393_AC_WP20	185	69.13221345996146	-48.95371324742644	70.75006198155151	0.864830465064925	-0.3786462974150127	0.3296896239639448	-0.3786462974150127	-0.864830465064925	0.0
cur_kal_20m_20200214	KP0394_AC_WP20	1787	11.765595734555404	18.47301367354878	21.48871150123051	0.1938063973088811	0.3108502688194524	0.930489758534196	0.3108502688194524	-0.1938063973088811	0.0
cur_kal_20m_20200214	KP0395_AC_WP20	125	15.124908058220223	-49.84122937531534	129.44433012313584	-0.17172103988329881	0.7529076786810929	-0.6353281922317366	-0.7529076786810929	-0.17172103988329881	0.0
cur_kal_20m_20200214	KP0396_AC_WP20	204	8.006780142785175	-31.485740357874683	32.14540181954606	0.11909818047299109	-0.5185689630351088	0.8467005692597087	-0.5185689630351088	-0.11909818047299109	0.0
cur_kal_20m_20200214	KP0397_AC_WP20	303	-1.718908540809465	36.063873802992575	36.08700689553249	-0.02425147632244097	0.5885136467616209	0.808123476624408	0.5885136467616209	0.02425147632244097	-0.0
cur_kal_20m_20200214	KP0399_LM_WP20	3059	46.47337510414521	-39.10258204623913	53.061662859388065	0.6326855368366536	-0.4884279868298397	0.6009551673453398	-0.4884279868298397	-0.6326855368366536	0.0
cur_kal_20m_20200214	KP0400_LM_WP20	135060	37.81712124900247	22.352029570934338	41.29447360881645	0.5831492542054358	0.30893931419481696	0.7513277896261259	0.30893931419481696	-0.5831492542054358	0.0
cur_kal_20m_20200214	KP0401_AC_WP20	1882	44.38336938615338	-45.156720572763426	125.4765701317495	-0.5680103762667511	0.583553668947511	-0.5803699922559766	-0.583553668947511	-0.5680103762667511	0.0
cur_kal_20m_20200214	KP0402_AC_WP20	1079	26.521859392495067	-51.02016386623196	126.88190387412062	-0.29951848858178354	0.7416788364400325	-0.6001676253969748	-0.7416788364400325	-0.29951848858178354	0.0
cur_kal_20m_20200214	KP0403_LM_WP20	283	-83.02714628881506	56.4615207496721	96.85821904385004	0.9763639060938414	-0.1801501834575817	-0.11941287316439603	0.1801501834575817	0.9763639060938414	-0.0
cur_kal_20m_20200214	KP0404_AC_WP20	865	-1.6200001743435593	14.141403751854021	14.226623277610372	-0.02741450442016446	0.24422398282408672	0.9693312597667203	0.24422398282408672	0.02741450442016446	-0.0
cur_kal_20m_20200214	KP0405_AC_WP20	790	13.006453605734206	83.1972745331425	83.19983140462017	0.027350432730496334	0.9925884153032336	0.11840689015116485	0.9925884153032336	-0.027350432730496334	0.0
cur_kal_20m_20200214	KP0450_AC_WP20	6788	-43.951463322089026	49.74018338624547	56.73517902493646	-0.5287922635733214	0.6477005708144775	0.5485095373387806	0.6477005708144775	0.5287922635733214	-0.0
cur_kal_20m_20200214	KP0451_LM_WP20	3553	50.22793184121243	9.676146829422152	50.50855975407475	0.7640635246037972	0.10843465712526555	0.6359629356370925	0.10843465712526555	-0.7640635246037972	0.0
cur_kal_20m_20200214	KP0454_AC_WP20	23738	59.68274187479323	49.396333588157376	64.21641561052924	0.7438528614906904	0.507426145191349	0.4349731343754001	0.507426145191349	-0.7438528614906904	0.0
cur_kal_20m_20200214	KP0455_AC_WP20	37038	60.07435123417158	69.02238403748392	72.30179854063275	0.5281304557638659	0.7928810141854462	0.3040031562976109	0.7928810141854462	-0.5281304557638659	0.0
cur_kal_20m_20200214	KP0456_AC_WP20	6417	-18.565032561605953	-65.69795813169281	114.05861203594037	0.13691951468289168	0.9028053128352589	-0.4076709624383761	-0.9028053128352589	0.13691951468289168	0.0
cur_kal_20m_20200214	KP0457_AC_WP20	1133	89.28426767849727	89.48393728647198	89.58139399211582	0.5848282899896793	0.8111242159900676	0.007305988108796291	0.8111242159900676	-0.5848282899896793	0.0
cur_kal_20m_20200214	KP0458_LM_WP20	10769	18.02342415729849	3.841757536966424	18.37798786546828	0.3087768789987133	0.06372704539135655	0.9489972089956334	0.06372704539135655	-0.3087768789987133	0.0
cur_kal_20m_20200214	KP0459_LM_WP20	13052	31.346320405969365	13.12126404455902	33.112208053158454	0.5101981427499674	0.19524388950956564	0.8376023392658716	0.19524388950956564	-0.5101981427499674	0.0
cur_kal_20m_20200214	KP0460_LM_WP20	19064	37.165417760562846	-48.27428289961338	126.45649972072475	-0.4504666641813889	0.6663268842506492	-0.5942123086794094	-0.6663268842506492	-0.4504666641813889	0.0
cur_kal_20m_20200214	KP0461_AC_WP20	437	9.477217515840213	-65.12679061106722	114.80798857760416	-0.07004188810220925	0.90501264789888	-0.4195786470426439	-0.90501264789888	-0.07004188810220925	0.0
cur_kal_20m_20200214	KP0462_AC_WP20	1195	18.972967764517954	32.7435696363364	36.09942168408118	0.2777889343175163	0.5195921912290578	0.8079958309202623	0.5195921912290578	-0.2777889343175163	0.0
cur_kal_20m_20200214	KP0463_AC_WP20	1000	41.83718315290696	11.753398436704927	42.58706778610338	0.6591436043226301	0.15318574792933962	0.7362498458484733	0.15318574792933962	-0.6591436043226301	0.0
cur_kal_20m_20200214	KP0464_AC_WP20	7728	12.791879047680048	40.57831086293982	41.5419478637559	0.1699367436093073	0.641025403315458	0.7484703971939831	0.641025403315458	-0.1699367436093073	0.0
cur_kal_20m_20200214	KP0465_AC_WP20	2687	11.56368034456963	43.4605297737457	44.112584440452565	0.14690454260526786	0.6803919523866351	0.7179734302113414	0.6803919523866351	-0.14690454260526786	0.0
cur_kal_20m_20200214	KP0466_AC_WP20	4057	-35.76774714486261	75.00465916079534	75.26433957401265	-0.18323258196692158	0.9495929941652842	0.25435991495899263	0.9495929941652842	0.18323258196692158	-0.0
cur_kal_20m_20200214	KP0467_AC_WP20	7400	75.88351627738045	76.55772881512493	80.17104894948065	0.6787880573315072	0.7142168847141019	0.17070739530963983	0.7142168847141019	-0.6787880573315072	0.0
cur_kal_20m_20200214	KP0468_AC_WP20	1960	-49.17932530634491	8.603054224585325	130.58083268702717	0.7530853282121127	-0.09841739763170744	-0.6505201797600569	0.09841739763170744	0.7530853282121127	-0.0
cur_kal_20m_20200214	KP0470_AC_WP20	24166	-53.11399186811373	-46.22847665308974	120.57323230923481	0.6777885186198342	0.5309320602728944	-0.5086392350197831	-0.5309320602728944	0.6777885186198342	0.0
cur_kal_20m_20200214	KP0471_AC_WP20	13093	-17.88156065281305	54.00980952294843	54.734838992068084	-0.18627743244158518	0.794955780228901	0.5773612609481432	0.794955780228901	0.18627743244158518	-0.0
cur_kal_20m_20200214	KP0472_LM_WP20	12530	-0.0567511334774525	31.33596963492899	31.336003311077896	-0.0008460132178105186	0.5200552428351554	0.8541322079522015	0.5200552428351554	0.0008460132178105186	-0.0
cur_kal_20m_20200214	KP0473_LM_WP20	102	-16.41304201586424	65.89573634117156	66.07910783576413	-0.11943806018749452	0.9062696234270357	0.4054749307072725	0.9062696234270357	0.11943806018749452	-0.0
cur_kal_20m_20200214	KP0474_AC_WP20	29	-69.04174097087218	33.96314152721516	110.3489974813473	0.9078636829829133	-0.23422662298949737	-0.3477375766345022	0.23422662298949737	0.9078636829829133	-0.0
cur_kal_20m_20200214	KP0475_AC_WP20	1897	82.8709480086632	-83.34210833267771	94.87760220688855	-0.6798303794225012	0.7284236345360856	-0.08502743006522868	-0.7284236345360856	-0.6798303794225012	0.0
cur_kal_20m_20200214	KP0476_AC_WP20	2817	73.74591911808336	-84.82603174066405	94.94232630900544	-0.29549897920482193	0.9514504849763573	-0.08615293336365655	-0.9514504849763573	-0.29549897920482193	0.0
cur_kal_20m_20200214	KP0477_AC_WP20	6651	57.21688166976273	74.57853387075946	75.77145053137812	0.3816389665881872	0.8910324192531787	0.2457904127937626	0.8910324192531787	-0.3816389665881872	0.0
cur_kal_20m_20200214	KP0478_AC_WP20	662	-29.46049019813004	-38.09132325963897	44.01449705753435	-0.40622901610034834	-0.5637207709517126	0.7191640138909551	-0.5637207709517126	0.40622901610034834	0.0
cur_kal_20m_20200214	KP0479_AC_WP20	11856	65.68245996915616	57.16444288303288	69.6875389034754	0.7682019240058964	0.5379218220832763	0.3471396221698797	0.5379218220832763	-0.7682019240058964	0.0
cur_kal_20m_20200214	KP0480_AC_WP20	1888	79.47442778384051	-67.54041402449518	80.38147263378859	0.8992837095226234	-0.4041912328117262	0.16708757316259928	-0.4041912328117262	-0.8992837095226234	0.0
cur_kal_20m_20200214	KP0481_AC_WP20	1369	78.73348713087212	-68.4847582794663	79.91819038701382	0.8787330203309335	-0.4440544130737343	0.17505415507726968	-0.4440544130737343	-0.8787330203309335	0.0
cur_kal_20m_20200214	KP0482_LM_WP20	17004	41.93128817589967	-30.451967627123786	47.030990554674155	0.612239298519482	-0.40072537647287454	0.6816026804517759	-0.40072537647287454	-0.612239298519482	0.0
cur_kal_20m_20200214	KP0483_AC_WP20	1166	38.92900963676123	-28.50253273091593	44.22457726494438	0.5788318865932774	-0.38912930979012467	0.7166114898082002	-0.38912930979012467	-0.5788318865932774	0.0
cur_kal_20m_20200214	KP0484_AC_WP20	2522	66.1508759117811	6.853125871326591	66.18072503920781	0.9135353913801159	0.04853639153978325	0.4038530764922754	0.04853639153978325	-0.9135353913801159	0.0
cur_kal_20m_20200214	KP0485_AC_WP20	2525	-74.07712050046608	79.39228763274025	81.10185254181214	-0.5421810776061279	0.8259020877161078	0.1546784425575604	0.8259020877161078	0.5421810776061279	-0.0
cur_kal_20m_20200214	KP0486_AC_WP20	5515	-7.158875401882755	-34.27073919528674	34.71749317819994	-0.10323964540510551	-0.5600951489341905	0.8219701939590116	-0.5600951489341905	0.10323964540510551	0.0
cur_kal_20m_20200214	KP0487_AC_WP20	1794	66.7659001768078	-53.62306607576804	69.64952632215433	0.8100570985368523	-0.47209032409525403	0.3477617330956562	-0.47209032409525403	-0.8100570985368523	0.0
cur_kal_20m_20200214	KP0488_AC_WP20	721	-65.6900880566096	66.5598999136633	72.63022405700764	-0.6608821464895641	0.6885566216249873	0.298537380017529	0.6885566216249873	0.6608821464895641	-0.0
cur_kal_20m_20200214	KP0489_AC_WP20	461	-75.15565396472232	45.98291862585971	104.33775853254325	0.9343417695315427	-0.2562832439849089	-0.24763755078993396	0.2562832439849089	0.9343417695315427	-0.0
cur_kal_20m_20200214	KP0490_AC_WP20	856	-84.38171285247547	87.02718728940322	87.370517356733	-0.46635735183354227	0.8834059764804006	0.045877021585053815	0.8834059764804006	0.46635735183354227	-0.0
cur_kal_20m_20200214	KP0491_AC_WP20	553	-78.67600366933553	70.72326819352789	99.85861189849903	0.8549959000356353	-0.48955754986011124	-0.17121745324942333	0.48955754986011124	0.8549959000356353	-0.0
cur_kal_20m_20200214	KP0492_AC_WP20	12250	83.8765740905252	-63.247374451074684	84.00972150770049	0.972754245764307	-0.2070222848212012	0.1043597189289218	-0.2070222848212012	-0.972754245764307	0.0
cur_kal_20m_20200214	KP0493_AC_WP20	412	78.35627694358432	-55.588628728208505	78.83720778809246	0.9394920239936407	-0.28262135479708544	0.19359727959088796	-0.28262135479708544	-0.9394920239936407	0.0
cur_kal_20m_20200214	KP0494_AC_WP20	9183	-17.063594096700598	62.48619954789301	62.781380438949775	-0.14039252717287432	0.8781156680241029	0.4573869389090568	0.8781156680241029	0.14039252717287432	-0.0
cur_kal_20m_20200214	KP0495_AC_WP20	990	-64.03825974938404	80.7676471672577	81.23515624739814	-0.31295436866931187	0.9374647033015904	0.15237943822725433	0.9374647033015904	0.31295436866931187	-0.0
cur_kal_20m_20200214	KP0499_AC_WP20	1102	-84.78757585041902	82.84512215815495	94.2205871588396	0.8067516410963712	-0.5862894666619158	-0.07359654115240596	0.5862894666619158	0.8067516410963712	-0.0
cur_kal_20m_20200214	KP0500_AC_WP20	24	73.84497657744298	-52.277675028833976	74.82225594484675	0.9038183551655239	-0.3384754774269843	0.2618143083302782	-0.3384754774269843	-0.9038183551655239	0.0
cur_kal_20m_20200214	KP0501_AC_WP20	1787	-70.09344686081656	40.0306213598788	109.10865666308486	0.9040007892100551	-0.2749864871581566	-0.32736066499812455	0.2749864871581566	0.9040007892100551	-0.0
cur_kal_20m_20200214	KP0502_AC_WP20	2262	-81.73241559025065	81.91255022798785	84.19901378035217	-0.6955878900265753	0.7112957546954722	0.10107342183074494	0.7112957546954722	0.6955878900265753	-0.0
cur_kal_20m_20200214	KP0503_AC_WP20	2016	-55.51091325841973	16.736295413872543	123.932432249784	0.8125391539815329	-0.167857996778276	-0.5582148476747635	0.167857996778276	0.8125391539815329	-0.0
cur_kal_20m_20200214	KP0504_AC_WP20	1508	-42.24696474527521	78.91365893163047	79.081002551955	-0.1720396261993416	0.9667068038936486	0.1894210186935906	0.9667068038936486	0.1720396261993416	-0.0
cur_kal_20m_20200214	KP0505_AC_WP20	15076	58.45277234082808	83.07585127769991	83.20622275835981	0.1926850399284903	0.9741039484765838	0.11829612398589037	0.9741039484765838	-0.1926850399284903	0.0
cur_kal_20m_20200214	KP0506_AC_WP20	2342	55.14271982155344	77.39808240791488	77.98309353360332	0.2989228630902769	0.9312882228413449	0.20820030720179325	0.9312882228413449	-0.2989228630902769	0.0
cur_kal_20m_20200214	KP0507_AC_WP20	1939	-71.96279220297292	85.15454761546454	85.31012350172384	-0.2510839089657281	0.9645059763789686	0.08176241304990083	0.9645059763789686	0.2510839089657281	-0.0
cur_kal_20m_20200214	KP0508_AC_WP20	2375	26.56429200754019	16.45745097303446	30.14504822145322	0.4323641003053639	0.25545426775220387	0.8647568455087931	0.25545426775220387	-0.4323641003053639	0.0
cur_kal_20m_20200214	KP0509_AC_WP20	411	0.4871513302752281	11.853095323442497	11.86254277789281	0.008321014488928257	0.20539595767253063	0.9786435823575705	0.20539595767253063	-0.008321014488928257	0.0
cur_kal_20m_20200214	KP0510_AC_WP20	553	-27.413212313020257	17.44141172917286	31.23178888434404	-0.4434798595973794	0.26864367324212696	0.8550767164169926	0.26864367324212696	0.4434798595973794	-0.0
cur_kal_20m_20200214	KP0511_AC_WP20	390	58.42454054047226	-64.77747334191584	110.49930156545945	-0.5697820973973505	0.7434454578734702	-0.35019596321600066	-0.7434454578734702	-0.5697820973973505	0.0
cur_kal_20m_20200214	KP0512_AC_WP20	731	-45.672141958704614	32.41852463922287	129.69485202002397	0.6538625328795691	-0.4056202384895959	-0.6386986850025275	0.4056202384895959	0.6538625328795691	-0.0
cur_kal_20m_20200214	KP0513_AC_WP20	92	55.68157400089179	15.901895292654194	56.17509034097589	0.8154649476396568	0.1585877795926384	0.556656838038417	0.1585877795926384	-0.8154649476396568	0.0
cur_kal_20m_20200214	KP0514_AC_WP20	1770	50.65351430176291	-86.4598720804943	93.53011704635102	-0.07510333837556035	0.9952729427441699	-0.06157319226909007	-0.9952729427441699	-0.07510333837556035	0.0
cur_kal_20m_20200214	KP0515_AC_WP20	2625	-20.398989785966066	48.82092986985668	50.24370027906281	-0.23782383471733679	0.73106051353456	0.6395235329453688	0.73106051353456	0.23782383471733679	-0.0
cur_kal_20m_20200214	KP0516_AC_WP20	1033	85.74962152670189	-86.50136921877187	92.70322515717261	-0.6345937633246167	0.7714054947796212	-0.047162677758033476	-0.7714054947796212	-0.6345937633246167	0.0
cur_kal_20m_20200214	KP0517_AC_WP20	431	71.1918315066721	51.52992698663546	72.61771769798183	0.8771497855567152	0.3759777423251382	0.2987456961596275	0.3759777423251382	-0.8771497855567152	0.0
cur_kal_20m_20200214	KP0518_LM_WP20	851	36.1879654519685	44.89526867902084	51.026928969788585	0.46012267894214615	0.6266599143984254	0.6289550635850394	0.6266599143984254	-0.46012267894214615	0.0
cur_kal_20m_20200214	KP0519_AC_WP20	219	57.705591614133276	59.1446428636457	66.53115932521715	0.6301057916137016	0.6666058833885279	0.39825028261969975	0.6666058833885279	-0.6301057916137016	0.0
cur_kal_20m_20200214	KP0520_AC_WP20	62	43.41236382456163	51.851412440187744	57.770324286037436	0.5045484768426611	0.6789745937272159	0.5333144809478856	0.6789745937272159	-0.5045484768426611	0.0
cur_kal_20m_20200214	KP0521_AC_WP20	4113	-83.1725439517216	86.50400467073146	86.88516922939961	-0.45383624350730545	0.8894268515623613	0.05433727817109568	0.8894268515623613	0.45383624350730545	-0.0
cur_kal_20m_20200214	KP0522_AC_WP20	7266	-89.18332280862437	-89.7477384241204	90.24102660896736	0.29510996202820056	0.9554540355373721	-0.004206695504149708	-0.9554540355373721	0.29510996202820056	0.0
cur_kal_20m_20200214	KP0523_AC_WP20	3390	-57.209729307200845	7.024524780385024	122.70839884939494	0.8387930577464212	-0.0665831115741262	-0.5403636696980252	0.0665831115741262	0.8387930577464212	-0.0
cur_kal_20m_20200214	KP0524_AC_WP20	1911	60.969837093598585	55.29785585889088	66.58387317977038	0.7160504845448757	0.5738815403563015	0.3974061917249494	0.5738815403563015	-0.7160504845448757	0.0
cur_kal_20m_20200214	KP0525_AC_WP20	2505	67.9056616490893	35.4627872525094	68.69586038762957	0.8949993772482131	0.25879673538326997	0.3633185440908191	0.25879673538326997	-0.8949993772482131	0.0
cur_kal_20m_20200214	KP0526_AC_WP20	4234	68.08831374883276	65.4574242659957	73.204616574339	0.7183738752239616	0.6328065893679299	0.288954660540778	0.6328065893679299	-0.7183738752239616	0.0
cur_kal_20m_20200214	KP0527_LM_WP20	12735	23.20759888414242	-9.346435605110818	24.667564583411313	0.38963109882761127	-0.14956897973814853	0.9087445884991434	-0.14956897973814853	-0.38963109882761127	0.0
cur_kal_20m_20200214	KP0528_AC_WP20	4779	66.11946191992472	74.94800394635759	77.0557477364437	0.5059551964797945	0.8329658085372742	0.2240029039163052	0.8329658085372742	-0.5059551964797945	0.0
cur_kal_20m_20200214	KP0529_LM_WP20	344	-22.095239958618514	34.94297709982029	38.9415911476059	-0.31575132299313535	0.5434595877457861	0.7777871035927924	0.5434595877457861	0.31575132299313535	-0.0
cur_kal_20m_20200214	KP0530_AC_WP20	431	-86.84372224128822	88.27544817159416	88.48626578796164	-0.4790537776468093	0.8773879659607233	0.026416572632079475	0.8773879659607233	0.4790537776468093	-0.0
cur_kal_20m_20200214	KP0531_AC_WP20	733	78.76293276797948	80.27759998900873	82.60709909689305	0.6476454428900639	0.7509984754714396	0.12867272493930776	0.7509984754714396	-0.6476454428900639	0.0
cur_kal_20m_20200214	KP0532_AC_WP20	11712	68.36181618086914	45.896498751274045	69.84003418962664	0.8687752249518041	0.3555998455112626	0.34464236301172874	0.3555998455112626	-0.8687752249518041	0.0
cur_kal_20m_20200214	KP0533_AC_WP20	195	55.05059283602344	9.923011312320563	55.24993232895903	0.8155729368109325	0.09971644339691503	0.569997733028703	0.09971644339691503	-0.8155729368109325	0.0
cur_kal_20m_20200214	KP0534_AC_WP20	1857	-44.40554728734208	-55.665346888822	119.58395176103664	0.48355874710576285	0.7227952133111019	-0.4936983063694501	-0.7227952133111019	0.48355874710576285	0.0
cur_kal_20m_20200214	KP0535_AC_WP20	4671	-13.534955869777983	41.758974228727396	42.75952165809092	-0.17674197735264735	0.6555138440449408	0.7342096932804016	0.6555138440449408	0.17674197735264735	-0.0
cur_kal_20m_20200214	KP0536_AC_WP20	8593	82.34097135019314	85.03273936303883	85.82511802460509	0.5413628891263542	0.8376313271892604	0.07280097518525934	0.8376313271892604	-0.5413628891263542	0.0
cur_kal_20m_20200214	KP0537_AC_WP20	428	-74.46463033565851	-81.42760607467488	97.5485177786084	0.4725564038173952	0.8714548176259196	-0.13136569585605712	-0.8714548176259196	0.4725564038173952	0.0
cur_kal_20m_20200214	KP0538_AC_WP20	5478	-7.365846174396326	-76.39959272313963	103.59400740845604	0.030383965959756735	0.9715105761687414	-0.23504045397513293	-0.9715105761687414	0.030383965959756735	0.0
cur_kal_20m_20200214	KP0539_AC_WP20	2080	-83.66213519132602	82.8190032072787	94.76272482803338	0.7475424052177665	-0.6590041343395379	-0.08302953284604851	0.6590041343395379	0.7475424052177665	-0.0
cur_kal_20m_20200214	KP0540_AC_WP20	57	87.25977143915608	38.58804999716777	87.26176468319913	0.9981305388685827	0.03812039923084495	0.04777303151772618	0.03812039923084495	-0.9981305388685827	0.0
cur_kal_20m_20200214	KP0541_AC_WP20	25	84.176131591451	78.35604067952825	84.77696635639458	0.8925042694503447	0.4417568725435883	0.09103293125794916	0.4417568725435883	-0.8925042694503447	0.0
cur_kal_20m_20200214	KP0542_LM_WP20	39239	-32.044637192509235	67.76184843521838	68.39135958663735	-0.23051648466941058	0.9006904103073293	0.36826476219708043	0.9006904103073293	0.23051648466941058	-0.0
cur_kal_20m_20200214	KP0543_AC_WP20_d	893	-56.25495004848338	-21.531169458983047	122.86212115439693	0.8122389969257965	0.2140844732961363	-0.542619249719812	-0.2140844732961363	0.8122389969257965	0.0
cur_kal_20m_20200214	KP0544_AC_WP20	3897	16.17358656967073	0.8702501343561267	16.194592628737333	0.2785187426650828	0.014587163281710046	0.9603200115855413	0.014587163281710046	-0.2785187426650828	0.0
cur_kal_20m_20200214	KP0545_AC_WP20	6608	-82.17275229401604	75.55169661470698	96.9153303937847	0.8758614344086174	-0.4673007540566853	-0.12040246249031815	0.4673007540566853	0.8758614344086174	-0.0
cur_kal_20m_20200214	KP0547_LM_WP20	7741	76.33515181631849	-89.14028055434284	90.85808676458554	-0.06159773986468008	0.9979886980712195	-0.014975879462498143	-0.9979886980712195	-0.06159773986468008	0.0
cur_kal_20m_20200214	KP0548_LM_WP20	26249	12.77149687429225	19.474439495743074	22.783831363474217	0.20898472904138365	0.3260247647148385	0.9219724702072908	0.3260247647148385	-0.20898472904138365	0.0
cur_kal_20m_20200214	KP0549_AC_WP20	1968	-29.646928946108996	30.765747217363405	39.475348637230006	-0.4393358528595832	0.4595184473871922	0.7718981829898338	0.4595184473871922	0.4393358528595832	-0.0
cur_kal_20m_20200214	KP0549_AC_WP20_2	715	-0.13695814400392434	12.20412257049817	12.204845562109247	-0.002336347890008226	0.21139454640268066	0.9773980188386621	0.21139454640268066	0.002336347890008226	-0.0
cur_kal_20m_20200214	KP0550_LM_WP20	3781	53.320334573139775	40.435133613959415	57.835925856399236	0.7147256395566411	0.453624774021496	0.5323455875221441	0.453624774021496	-0.7147256395566411	0.0
cur_kal_20m_20200214	KP0551_LM_WP20	4253	-6.324327707823212	0.9851961781964971	6.399379627380955	-0.11014024888015204	0.017089462012537155	0.9937691260372001	0.017089462012537155	0.11014024888015204	-0.0
cur_kal_20m_20200214	KP0552_AC_WP20	4589	-10.261201865790415	45.365956090204236	45.81628638424255	-0.12617185550056817	0.705921822989677	0.6969612921149028	0.705921822989677	0.12617185550056817	-0.0
cur_kal_20m_20200214	KP0553_AC_WP20	2278	29.869282552889533	-17.552199562292785	33.250970501572645	0.48028411883669886	-0.2645149606719244	0.8362768684915217	-0.2645149606719244	-0.48028411883669886	0.0
cur_kal_20m_20200214	KP0554_AC_WP20	8799	-14.905913721772569	-20.761495871396274	24.854402129116433	-0.2415351186394176	-0.34398328097521025	0.9073788012034291	-0.34398328097521025	0.2415351186394176	0.0
cur_kal_20m_20200214	KP0555_AC_WP20	36062	-41.03261553661241	15.108267330783713	42.339784895852596	-0.6432841983210462	0.1995560684064469	0.7391635920096513	0.1995560684064469	0.6432841983210462	-0.0
cur_kal_20m_20200214	KP0556_AC_WP20	13260	75.37319489776037	-73.79532393038521	79.01130865217603	0.730382211500157	-0.6559021676999994	0.19061524474863395	-0.6559021676999994	-0.730382211500157	0.0
cur_kal_20m_20200214	KP0557_AC_WP20	4962	-48.27117961368669	-0.30161922993642043	131.72850669369785	0.7462988885185406	0.0035039254885530927	-0.665601751426603	-0.0035039254885530927	0.7462988885185406	0.0
cur_kal_20m_20200214	KP0558_LM_WP20	20765	30.84800933703275	14.664667465723005	33.10713140644411	0.5002918388678271	0.21920154170278605	0.8376507387195274	0.21920154170278605	-0.5002918388678271	0.0
cur_kal_20m_20200214	KP0559_AC_WP20	3201	20.965901258525378	29.513793345702947	34.355871408069355	0.3163347541219151	0.4673351980598455	0.8255483850078035	0.4673351980598455	-0.3163347541219151	0.0
cur_kal_20m_20200214	KP0560_AC_WP20	2480	-42.471189893551745	60.66372513344454	63.44644227061978	-0.4092180079006485	0.7954250918002583	0.44703416574617144	0.7954250918002583	0.4092180079006485	-0.0
cur_kal_20m_20200214	KP0561_AC_WP20	823	-51.44160192004654	57.10726957194942	63.33295621031696	-0.563046387361779	0.6939400420056326	0.44880506211502363	0.6939400420056326	0.563046387361779	-0.0
cur_kal_20m_20200214	KP0562_LM_WP20	34860	-32.98937389095963	-70.04370909886589	109.46450186936622	0.21630954706502786	0.9176997131095627	-0.33322277294198993	-0.9176997131095627	0.21630954706502786	0.0
cur_kal_20m_20200214	KP0563_AC_WP20	163	-34.06924565092425	-44.370987491378166	49.94122583639884	-0.43522811742875717	-0.6295952463243715	0.6435730817903853	-0.6295952463243715	0.43522811742875717	0.0
cur_kal_20m_20200214	KP0564_LM_WP20	487	-63.79887635603402	9.162114548811138	116.12992786439308	0.8949833079643164	-0.0710317446862082	-0.44040818533728787	0.0710317446862082	0.8949833079643164	-0.0
cur_kal_20m_20200214	KP0565_AC_WP20	43	-83.69706797068906	-75.49310697844581	95.80045756997178	0.9149991594682259	0.3905925717173012	-0.10106424239910514	-0.3905925717173012	0.9149991594682259	0.0
cur_kal_20m_20200214	KP0566_LM_WP20	37664	47.390918861695965	47.88721448539977	57.188400258868214	0.5891008812419384	0.5994397204483173	0.5418783749780155	0.5994397204483173	-0.5891008812419384	0.0
cur_kal_20m_20200214	KP0567_LM_WP20	9287	-7.227423349373419	-33.72387071302783	34.19448790967709	-0.10489363760003995	-0.5521282491624903	0.8271346451864985	-0.5521282491624903	0.10489363760003995	0.0
cur_kal_20m_20200214	KP0568_AC_WP20	833	57.01415310769946	69.18540938921429	71.83888535542026	0.4802203553525992	0.8199010172935695	0.311690121989763	0.8199010172935695	-0.4802203553525992	0.0
cur_kal_20m_20200214	KP0569_AC_WP20	3519	-37.1950506433937	-26.80049433935631	42.35395165072578	-0.5608286715076521	-0.37330226677889394	0.7389970357401318	-0.37330226677889394	0.5608286715076521	0.0
cur_kal_20m_20200214	KP0570_LM_WP20	8928	41.42144026483853	-2.094461905320192	41.44584003912593	0.6613438753455309	-0.027413364446494656	0.7495817407012252	-0.027413364446494656	-0.6613438753455309	0.0
cur_kal_20m_20200214	KP0571_AC_WP20	680	65.77143243742215	-34.55242210748641	66.73954615309337	0.8775474291502805	-0.2719474710973812	0.3949114869885053	-0.2719474710973812	-0.8775474291502805	0.0
cur_kal_20m_20200214	KP0572_AC_WP20	1432	-25.950208644576215	48.77890380090504	51.134847774282136	-0.3053723950830596	0.7162433195395672	0.6274896075124886	0.7162433195395672	0.3053723950830596	-0.0
cur_kal_20m_20200214	KP0573_LM_WP20	85	81.74018547230507	85.79726016736736	86.24892356508687	0.450663203742884	0.8902935779225124	0.06542187632689396	0.8902935779225124	-0.450663203742884	0.0
cur_kal_20m_20200214	KP0574_AC_WP20	1061	32.03545661829847	-5.94039582419061	32.38787952654456	0.5283923548826276	-0.08786628193710705	0.8444412565715511	-0.08786628193710705	-0.5283923548826276	0.0
cur_kal_20m_20200214	KP0575_AC_WP20	7009	77.60760345265246	63.509632020189215	78.63212227815224	0.8970649773440069	0.3955034373628317	0.19710773058655207	0.3955034373628317	-0.8970649773440069	0.0
cur_kal_20m_20200214	KP0576_AC_WP20	7	73.69753943402996	-30.281020371695313	73.91807596052975	0.9471545525620163	-0.16174939529277493	0.2770115280696246	-0.16174939529277493	-0.9471545525620163	0.0
cur_kal_20m_20200214	KP0577_AC_WP20	3386	-18.62944474212994	-55.371427190699436	123.92492289975459	0.18814280812862172	0.8081583163983582	-0.5581061004734207	-0.8081583163983582	0.18814280812862172	0.0
cur_kal_20m_20200214	KP0578_AC_WP20	897	-56.75461031782713	58.770490898460594	66.0055976632059	-0.6203492025079965	0.67067485955974	0.4066473898873758	0.67067485955974	0.6203492025079965	-0.0
cur_kal_20m_20200214	KP0579_AC_WP20	1249	-27.52550802080382	-2.2279161929921436	27.59081036851219	-0.46186867045807695	-0.03447982775728458	0.8862778755712658	-0.03447982775728458	0.46186867045807695	0.0
cur_kal_20m_20200214	KP0580_AC_WP20	2729	30.8527575929065	-12.435518064677595	32.487742411925296	0.5038839954448361	-0.186005151571881	0.8435063738486331	-0.186005151571881	-0.5038839954448361	0.0
cur_kal_20m_20200214	KP0581_AC_WP20	631	-53.33798662879176	-78.19129272456621	101.38046136795731	0.265095790431741	0.9438155744142359	-0.19732304322733416	-0.9438155744142359	0.265095790431741	0.0
cur_kal_20m_20200214	KP0582_AC_WP20	33	-33.79069884633961	-54.69551200054769	122.6165631853799	0.36071192204809155	0.7611507690593141	-0.5390143004158482	-0.7611507690593141	0.36071192204809155	0.0
cur_kal_20m_20200214	KP0583_LM_WP20	7319	-67.07852583803853	79.24460095767249	80.1697524498309	-0.4037515627371319	0.8987970004911628	0.17072969131177015	0.8987970004911628	0.4037515627371319	-0.0
cur_kal_20m_20200214	KP0584_AC_WP20	1645	-41.95156558565006	-65.2069682052807	113.10339296761003	0.35271080186303866	0.8494845102947725	-0.3923915863246597	-0.8494845102947725	0.35271080186303866	0.0
cur_kal_20m_20200214	KP0585_LM_WP20	7695	41.68119039596525	-24.83854116259684	45.10039562034544	0.6284887122517392	-0.3267325651280336	0.7058666796619641	-0.3267325651280336	-0.6284887122517392	0.0
cur_kal_20m_20200214	KP0586_LM_WP20	7737	15.849568131188745	-1.851232963556572	15.946758012994417	0.2729806660519232	-0.03107754905906332	0.9615174163302138	-0.03107754905906332	-0.2729806660519232	0.0
cur_kal_20m_20200214	KP0588_LM_WP20	14387	8.674864674744816	-48.80956434083016	130.93970030970598	-0.09997536952871204	0.7487546373977443	-0.6552643882151462	-0.7487546373977443	-0.09997536952871204	0.0
cur_kal_20m_20200214	KP0589_AC_WP20	18951	55.01610463339944	-66.50331272679668	110.26832744259248	-0.49503103869965714	0.796830869161082	-0.3464171425838121	-0.796830869161082	-0.49503103869965714	0.0
cur_kal_20m_20200214	KP0590_AC_WP20	861	-59.68665923897489	-42.694871007207425	117.22924173779465	0.782587687781461	0.42214081372132084	-0.45755179414309766	-0.42214081372132084	0.782587687781461	0.0
cur_kal_20m_20200214	KP0591_AC_WP20	274	-68.314730523138	-55.88212476902212	108.92907942014368	0.8157854754488537	0.47881133136097237	-0.32439754469943327	-0.47881133136097237	0.8157854754488537	0.0
