plot_name	sample_name	colony_points	colony_threeD_area	rot_colony_twoD_area	colony_rugosity	env_points	env_threeD_area	env_twoD_area	env_rugosity
cur_kal_20m_20200214	KP0287_LM_WP20	8402	0.05483013696737293	0.056769703357024165	1	209192	1.5855066108062166	0.757797889994614	2.092255246075554
cur_kal_20m_20200214	KP0288_LM_WP20	17958	0.13887491106529398	0.09345127971806769	1.4860675154397505	269162	2.0139764852621664	0.9599331965269994	2.0980381682273874
cur_kal_20m_20200214	KP0289_AC_WP20	3128	0.02150802582741101	0.013976220159059449	1.5389014756947295	194205	1.482817482524498	0.6834603448595976	2.169573543918062
cur_kal_20m_20200214	KP0290_LM_WP20	4281	0.03531185419796188	0.030035235244420422	1.175680959732842	167797	1.3166704366089734	0.733449019916367	1.7951764892386242
cur_kal_20m_20200214	KP0291_AC_WP20	537	0.0021338431891138733	0.0017238487157749545	1.2378366904166564	151765	1.1537854062742987	0.5183519451145402	2.2258726279484624
cur_kal_20m_20200214	KP0292_AC_WP20	1010	0.00843025283605371	0.0037275819282558526	2.2615875380633823	71096	0.5321057303614803	0.34753951893635926	1.5310653936277057
cur_kal_20m_20200214	KP0293_LM_WP20	25133	0.13916357982841507	0.11577506257052819	1.2020168828985862	288531	1.9872859713932902	1.0851197996194437	1.8313977609571221
cur_kal_20m_20200214	KP0294_AC_WP20	1848	0.014701967866496756	0.013896995823984978	1.0579241767578622	226988	1.4846461830015896	0.6304910364277471	2.354745899978749
cur_kal_20m_20200214	KP0295_AC_WP20	12045	0.06763973877624557	0.04914806184610136	1.3762442756755635	202271	1.3137061678948583	0.6864820138671797	1.9136789331075377
cur_kal_20m_20200214	KP0296_AC_WP20	429	0.0017589256860935242	0.0009712248970152692	1.811038505601521	116489	0.7170590397148872	0.4315353522481178	1.6616461107515548
cur_kal_20m_20200214	KP0297_AC_WP20	405	0.002239052427258596	0.001673445213130481	1.3379896812217982	125652	0.7788058252850035	0.43081272168880813	1.8077595810821103
cur_kal_20m_20200214	KP0298_AC_WP20	1031	0.0016313971175451146	0.0016032711980602723	1.017542833376456	234981	1.4526779500945646	0.6022696460470345	2.412005917331449
cur_kal_20m_20200214	KP0299_AC_WP20	905	0.004067955830482168	0.0030614216930611115	1.328779971639459	152604	0.9295723455203967	0.4797969927837977	1.937428453077598
cur_kal_20m_20200214	KP0300_AC_WP20	1254	0.0017780561864371043	0.0015363117462594382	1.157353766750959	185328	1.1310823219025528	0.48566890217875064	2.3289165042859947
cur_kal_20m_20200214	KP0301_AC_WP20	408	0.0017874778788132572	0.0012224582181059867	1.462199568327728	195779	1.2058342095805048	0.5313580638152822	2.269343954098141
cur_kal_20m_20200214	KP0302_AC_WP20	374	0.0010211624820376498	0.0010575879790346088	1	213599	1.3120632714089464	0.5395486955311037	2.4317791559433193
cur_kal_20m_20200214	KP0303_AC_WP20	1887	0.006011823417604175	0.004297278255673716	1.3989839754190312	216127	1.3392662995312061	0.5538573072593627	2.418071012113683
cur_kal_20m_20200214	KP0304_AC_WP20	10534	0.011718008548081854	0.011297594096653775	1.0372127417422974	267641	1.6610415275390318	0.7251498311326512	2.290618374611713
cur_kal_20m_20200214	KP0305_AC_WP20	3807	0.015187726819767738	0.010044822704735841	1.5119955091499193	169691	1.0741737771343698	0.5919414013872563	1.814662354444153
cur_kal_20m_20200214	KP0306_LM_WP20	2937	0.02246137953493637	0.021049262307010642	1.0670863048466743	144688	0.9679155137269714	0.6608466258661753	1.4646598406374842
cur_kal_20m_20200214	KP0309_AC_WP20	2042	0.008335605988664514	0.006918253207957034	1.2048714810087193	144356	0.9766382420349814	0.41341977925613943	2.3623403887260386
cur_kal_20m_20200214	KP0310_AC_WP20	10787	0.02988166074967646	0.019622265409235305	1.5228445914105577	152941	1.0463380024092723	0.4703329467982674	2.224675114792802
cur_kal_20m_20200214	KP0311_AC_WP20	504	0.0022633719403025907	0.0018316128492398343	1.235726175016706	137330	0.9511648178104287	0.37642159864421576	2.5268603641138188
cur_kal_20m_20200214	KP0312_AC_WP20	359	0.002143746666212724	0.0012405014529899233	1.7281291054079384	130834	0.8997972658672794	0.3493528652720127	2.5756115243728726
cur_kal_20m_20200214	KP0313_AC_WP20	1515	0.004300741190102447	0.00431653493431772	1	159053	1.1147002699412512	0.5320960211204527	2.0949231448752217
cur_kal_20m_20200214	KP0315_AC_WP20	1467	0.005890168193292125	0.0033373469400850954	1.764925343105604	143466	0.9091011697148664	0.3996427466451392	2.274784610371268
cur_kal_20m_20200214	KP0316_AC_WP20	111	0.0001383538329256674	0.00011348188775260842	1.219171055977497	132661	0.8544543312384019	0.3747475410601664	2.2800798874387214
cur_kal_20m_20200214	KP0317_AC_WP20	269	0.000355335736989373	0.00021245695048994858	1.6725070004531768	177562	1.1455450793182624	0.483508093775333	2.369236614786746
cur_kal_20m_20200214	KP0318_LM_WP20	661	0.005167805413756215	0.004353939152475975	1.1869264205994738	145853	0.999462266046881	0.5686771911797951	1.7575212819303796
cur_kal_20m_20200214	KP0319_LM_WP20	3417	0.016856751314628063	0.018107164856198472	1	159183	1.0688571387678627	0.6722008436678697	1.5900859822425013
cur_kal_20m_20200214	KP0320_LM_WP20	7582	0.025262061248036465	0.02692764211480887	1	234982	1.5983290990877566	0.9008052972125143	1.77433359243522
cur_kal_20m_20200214	KP0321_LM_WP20	938	0.007451010438036289	0.006734609135701897	1.1063760773489533	149556	1.0163497342614451	0.4963096381410827	2.0478138165282496
cur_kal_20m_20200214	KP0322_LM_WP20	40636	0.2366043336827855	0.20427804913591513	1.1582464914052624	399146	2.881197769541702	1.3997045695041104	2.058432780970671
cur_kal_20m_20200214	KP0323_AC_WP20	51	7.420374716201323e-05	6.376157002072294e-05	1.1637691345726981	79641	0.537229384723933	0.21614773461960884	2.485473121748812
cur_kal_20m_20200214	KP0324_AC_WP20	4196	0.013788261036381463	0.010984221059045772	1.255278909834621	116254	0.7915057869403364	0.32681819463253947	2.4218534951221793
cur_kal_20m_20200214	KP0325_AC_WP20	1526	0.006021218686276751	0.0052052671910217795	1.1567549686329939	179030	1.2052553317474235	0.5210160423528645	2.313278735726816
cur_kal_20m_20200214	KP0326_AC_WP20	2733	0.0041651115149409544	0.005428009768860992	1	173099	1.1437422716935197	0.561518256610356	2.036874595312002
cur_kal_20m_20200214	KP0327_AC_WP20	4668	0.015741380276030125	0.010397361414612224	1.5139783689646042	206278	1.3814396415967551	0.5685351081091196	2.4298229289502626
cur_kal_20m_20200214	KP0328_LM_WP20	2580	0.0074626504372426895	0.006814386893791313	1.095131602234387	210758	1.3185249312175733	0.5825180112503737	2.2634921251402376
cur_kal_20m_20200214	KP0329_AC_WP20	5517	0.018274928847400035	0.01622055503948738	1.1266524975817092	242322	1.485241900984278	0.6703347267983977	2.215672024151246
cur_kal_20m_20200214	KP0330_LM_WP20	10801	0.05141168988561077	0.039425659459338416	1.3040159781888778	269288	1.7413308283477125	0.8266059194869788	2.1066033853573716
cur_kal_20m_20200214	KP0331_AC_WP20	3887	0.012853241853832263	0.013353029521477792	1	188567	1.3074466938839522	0.6564280612627905	1.9917592970793745
cur_kal_20m_20200214	KP0332_AC_WP20	3836	0.01371431182887674	0.009871666936328807	1.389259981858442	180265	1.2356588666458297	0.599171111664201	2.0622804447527194
cur_kal_20m_20200214	KP0333_AC_WP20	269	0.0012377554493770266	0.0007637856677339982	1.6205533851521507	132360	0.9152124768979933	0.4608685075970885	1.985842950454129
cur_kal_20m_20200214	KP0334_AC_WP20	2638	0.009385066079963497	0.0086712500082916	1.0823198582660323	143459	0.9904297162166036	0.5739792525065683	1.7255496812670412
cur_kal_20m_20200214	KP0335_AC_WP20	692	0.0037979662663797514	0.0017828900301169748	2.130230245401377	105309	0.715450283220228	0.43882875797481524	1.6303632572350426
cur_kal_20m_20200214	KP0336_AC_WP20	1282	0.006338680828592509	0.004639725273141836	1.3661758952163578	118870	0.8084904561078969	0.4532226733992875	1.7838702773716262
cur_kal_20m_20200214	KP0337_AC_WP20	1317	0.0061344926990542685	0.004511318868173587	1.3598002886321856	122274	0.8418218902903185	0.4521071249486799	1.8619965132951097
cur_kal_20m_20200214	KP0338_AC_WP20	6595	0.030746854924936014	0.021382743799757336	1.4379284161504544	165758	1.1387674580830427	0.6481606642569224	1.7569215796033715
cur_kal_20m_20200214	KP0339_AC_WP20	339	0.0028050025295310076	0.0017342133667172996	1.6174494922966773	134192	0.9433556679933508	0.4674986495242818	2.0178789157001686
cur_kal_20m_20200214	KP0340_AC_WP20	7433	0.05218968675838589	0.042063193928266365	1.240744743430302	230138	1.6160641577823802	0.8116201853791449	1.9911581635040814
cur_kal_20m_20200214	KP0341_LM_WP20	5321	0.027488876931974326	0.029019334370396617	1	171224	1.270004839690819	0.7510594918273381	1.6909510544908761
cur_kal_20m_20200214	KP0342_LM_WP20	24461	0.07582629271479216	0.07021123904382183	1.079973715710468	347041	2.49987982581059	1.2005060259304248	2.0823550834516764
cur_kal_20m_20200214	KP0343_LM_WP20	5373	0.036507233321910214	0.030633447231973702	1.1917442083960352	202136	1.4818322098995504	0.7641295855267278	1.9392420316746377
cur_kal_20m_20200214	KP0344_LM_WP20	48265	0.21804492559789687	0.17164337889554948	1.2703369451296123	319435	2.387592428060959	1.277297892723683	1.869252616529185
cur_kal_20m_20200214	KP0345_LM_WP20	23718	0.15364271354772546	0.09904467374875332	1.5512466014827917	318372	2.2804968129001497	1.07141226456344	2.128496087198858
cur_kal_20m_20200214	KP0346_AC_WP20	2434	0.016365540379005655	0.007707594522736091	2.1233006394835767	156857	1.153566114117411	0.6261468500718733	1.8423251893465518
cur_kal_20m_20200214	KP0347_AC_WP20	5399	0.04063708119220428	0.038915370571344296	1.0442424316043333	170342	1.273552879361538	0.761555763173661	1.6723041712063362
cur_kal_20m_20200214	KP0348_LM_WP20	29970	0.20691899518484705	0.16353838298962908	1.2652625726277908	283756	2.1606370028483624	1.1920855119554412	1.812484910838447
cur_kal_20m_20200214	KP0349_LM_WP20	48636	0.3184942731196413	0.22243541591880653	1.4318505522335445	334216	2.5638265910639775	1.2999684174945398	1.972222214448334
cur_kal_20m_20200214	KP0350_LM_WP20	90064	0.45736870697315574	0.375200433855129	1.218998342495929	472540	3.526374754844801	1.8421716696072405	1.91424871689436
cur_kal_20m_20200214	KP0351_AC_WP20	2322	0.016615124329829173	0.007067823421325954	2.3508120307159714	174750	1.264795108698666	0.5691637803275317	2.2221988686118177
cur_kal_20m_20200214	KP0352_AC_WP20	10435	0.05049301862394611	0.024396981553455366	2.0696420380247713	145682	1.0382663149869407	0.4463190842438907	2.3262870704842658
cur_kal_20m_20200214	KP0353_AC_WP20	9399	0.04893702086832519	0.02297431177180544	2.130075597232111	236093	1.7139680290186305	0.7745342838957548	2.212901435941233
cur_kal_20m_20200214	KP0354_AC_WP20	365	0.002156737904403508	0.0015539181770448498	1.3879353084761936	171265	1.244966367494157	0.5168612600213803	2.408705128031182
cur_kal_20m_20200214	KP0355_AC_WP20	3307	0.015253689269118648	0.010670514072912167	1.4295177500249203	164683	1.094599428776915	0.488757727600209	2.2395542146236274
cur_kal_20m_20200214	KP0356_AC_WP20	7438	0.04025449190254416	0.019868621905878823	2.026033415565348	187623	1.2778801814470022	0.5812798270112141	2.1983907269198064
cur_kal_20m_20200214	KP0357_AC_WP20	2670	0.012038294488287046	0.010792349229150015	1.1154470850305462	164469	1.1129837372299263	0.49672353647896783	2.240650292352418
cur_kal_20m_20200214	KP0358_AC_WP20	43177	0.24437717045568685	0.16043699855582774	1.5231970970252862	359391	2.4968176963925823	1.0398583205014655	2.4011133508923663
cur_kal_20m_20200214	KP0359_AC_WP20	1053	0.005544836798344176	0.003299191308923447	1.6806654356013995	164455	1.1158420444782624	0.41929494571778775	2.6612341881871746
cur_kal_20m_20200214	KP0360_AC_WP20	953	0.006115866177593906	0.0030610744434247895	1.9979475477085609	162270	1.102560325262113	0.404184498723062	2.727863955063656
cur_kal_20m_20200214	KP0361_AC_WP20	919	0.006723849948728115	0.0035184544213644	1.9110237460801651	164385	1.1257229878192716	0.42864138039059946	2.626258311303161
cur_kal_20m_20200214	KP0362_AC_WP20	847	0.005483714099838461	0.003201980439319357	1.7126007493675166	192552	1.3433785601467318	0.4913904849360895	2.733831039323955
cur_kal_20m_20200214	KP0363_AC_WP20	4088	0.016318745840540418	0.012120254750084752	1.3464028749417423	242995	1.6865673461433452	0.638773053913448	2.6403232506609
cur_kal_20m_20200214	KP0364_AC_WP20	12163	0.0314483064504795	0.022752000310517006	1.3822216078268368	147126	1.0386496966137575	0.474786062213921	2.1876162323943293
cur_kal_20m_20200214	KP0365_AC_WP20	841	0.005307247803742665	0.0027156691742676988	1.9543057210471173	165853	1.1473631932593495	0.43315708822226234	2.6488385494701
cur_kal_20m_20200214	KP0366_AC_WP20	113	0.0005027361472489788	0.0003722229710546371	1.350631708259575	155469	1.096918458032547	0.41237649000145016	2.6599927120692297
cur_kal_20m_20200214	KP0367_AC_WP20	1354	0.006687859018440319	0.003704563884934412	1.8053026553647151	102370	0.7175653397170494	0.35126920210467694	2.0427789724167664
cur_kal_20m_20200214	KP0368_AC_WP20	926	0.005902215613120831	0.002589164760716593	2.2795828611105065	142641	0.9925682635084754	0.47318893140221896	2.0976151334883504
cur_kal_20m_20200214	KP0369_AC_WP20	5984	0.03859704946473804	0.03184215333991355	1.2121369133775686	244046	1.7352957505308226	0.7342026902028308	2.3635104769929813
cur_kal_20m_20200214	KP0370_AC_WP20	10546	0.06773974806740729	0.03888224840104746	1.7421767221049498	223954	1.6371318059919375	0.7219476486617382	2.2676600014234554
cur_kal_20m_20200214	KP0371_AC_WP20	359	0.0033724746560166727	0.0019565427529003644	1.7236907555520273	181309	1.3000381807357224	0.5121574538123087	2.5383564586607577
cur_kal_20m_20200214	KP0372_AC_WP20	20313	0.13479494435644207	0.056016484348468454	2.4063442382050795	280468	1.9567934120679822	0.7685495499193447	2.546086211713139
cur_kal_20m_20200214	KP0373_AC_WP20	794	0.005335291263993833	0.004055888325507409	1.315443334679676	199457	1.4170651915136128	0.5361019842060798	2.6432754088984813
cur_kal_20m_20200214	KP0374_AC_WP20	12805	0.016092776900431816	0.014141151689682984	1.138010344106038	219821	1.4893855068653972	0.7078478717076475	2.104103955659751
cur_kal_20m_20200214	KP0375_LM_WP20	8512	0.04434630414810707	0.04036964280353071	1.0985062306329985	219639	1.4570165813200626	0.6934913880142681	2.1009872746827614
cur_kal_20m_20200214	KP0376_LM_WP20	8864	0.04392986643542901	0.04345059430579988	1.011030277888861	227469	1.5273084041775746	0.7614497522440047	2.0057901387144352
cur_kal_20m_20200214	KP0377_LM_WP20	23956	0.11641132138972342	0.090851682551163	1.281333687179283	264086	1.7960701150400817	0.8509436265993323	2.110680495037967
cur_kal_20m_20200214	KP0378_AC_WP20	277	0.0010383043660888366	0.0010976957075739717	1	102498	0.6703125057903283	0.4135312104972126	1.6209477997667279
cur_kal_20m_20200214	KP0379_AC_WP20	20	4.88539424791476e-05	3.6208442880399674e-05	1.3492417401244607	143524	0.9646184558539777	0.48565250234617285	1.9862318245946113
cur_kal_20m_20200214	KP0380_LM_WP20	4204	0.011519091160029953	0.01282468406548403	1	189864	1.2387277367269904	0.6615789822878214	1.8723807283649152
cur_kal_20m_20200214	KP0381_AC_WP20	5628	0.015414720137968645	0.01791093705676355	1	204924	1.3474201765181946	0.6622635230379028	2.0345680075166674
cur_kal_20m_20200214	KP0382_AC_WP20	510	0.0012125079998426644	0.0011706777334369789	1.0357316665474423	73395	0.528610007539842	0.27263011347616734	1.9389274383515664
cur_kal_20m_20200214	KP0383_AC_WP20	2485	0.002693586801644469	0.0028868133042881943	1	174851	1.14136652916877	0.583016372113317	1.9576920713762223
cur_kal_20m_20200214	KP0384_AC_WP20	16269	0.058901052682257336	0.06636201593741828	1	254396	1.7128267568115687	1.0308300548244986	1.6615995515411914
cur_kal_20m_20200214	KP0385_AC_WP20	7625	0.016512120388610284	0.016779637396144402	1	237691	1.6464448153449016	0.7526330684802192	2.1875796909502574
cur_kal_20m_20200214	KP0386_AC_WP20	179	0.0011849046783380204	0.0008543040333924087	1.3869824231460188	107587	0.7516812832227813	0.3972293795780999	1.8923103926027507
cur_kal_20m_20200214	KP0387_AC_WP20	24	9.82065150377098e-05	4.518224737254122e-05	2.1735641927672953	82660	0.5798205098427597	0.33492055598508585	1.7312180440443892
cur_kal_20m_20200214	KP0388_AC_WP20	264	0.00020956946982138603	0.00021877397173441474	1	103433	0.7162112178975644	0.38589604135712235	1.8559693314779464
cur_kal_20m_20200214	KP0389_AC_WP20	330	0.001106006469512761	0.001134609344474781	1	75793	0.5244018762054758	0.2773518883471086	1.890745649256881
cur_kal_20m_20200214	KP0390_AC_WP20	46	0.00012022066201541087	0.00011790790971196043	1.0196149037761784	68427	0.4736421544920998	0.24770166378761455	1.912147650724753
cur_kal_20m_20200214	KP0391_LM_WP20	20989	0.09093338299171942	0.09231906246333503	1	269174	1.9182632082243662	0.9831438034760787	1.9511522133812038
cur_kal_20m_20200214	KP0392_AC_WP20	2136	0.008760077740991986	0.005055835238650173	1.7326667756148608	121419	0.8830258669261778	0.5688822100015241	1.55221213003622
cur_kal_20m_20200214	KP0393_AC_WP20	185	0.0012956608990281448	0.0009435369526443036	1.3731957136358024	94911	0.6964158705486803	0.4156530390466477	1.6754740255141578
cur_kal_20m_20200214	KP0394_AC_WP20	1787	0.010006034269300055	0.005348263965446901	1.8708938702250368	104107	0.7604199672678931	0.4849911921913467	1.5679046949947077
cur_kal_20m_20200214	KP0395_AC_WP20	125	0.0009872902743077881	0.0006094232904046641	1.6200402738993058	78245	0.5722203333519472	0.3846297079920395	1.48771746295736
cur_kal_20m_20200214	KP0396_AC_WP20	204	0.0012323821580380524	0.0008264274152797104	1.4912164519868254	93696	0.6766582153091151	0.4191621788258435	1.6143112367737211
cur_kal_20m_20200214	KP0397_AC_WP20	303	0.0023966051554479683	0.0009683351917002137	2.4749747566645617	90169	0.6591115252727272	0.4135959424289367	1.5936121650564175
cur_kal_20m_20200214	KP0399_LM_WP20	3059	0.022459884767809902	0.018583268136480865	1.208607904856027	137645	0.9895620244192762	0.5965023829620679	1.6589406055771
cur_kal_20m_20200214	KP0400_LM_WP20	135060	0.5426998689887736	0.41588093723371883	1.3049404779132363	679138	4.535464637271665	1.9929457476644403	2.2757592084916696
cur_kal_20m_20200214	KP0401_AC_WP20	1882	0.0063741747021401575	0.0060651076922021265	1.0509582064528544	175063	1.0619570919444532	0.48844997546002283	2.174136851873727
cur_kal_20m_20200214	KP0402_AC_WP20	1079	0.0019850122605778674	0.001683752068861504	1.1789219430150815	173237	1.057107739962968	0.5555164693010225	1.9029278129108786
cur_kal_20m_20200214	KP0403_LM_WP20	283	0.00037042225066756746	0.0003295674046664489	1.123965068822468	158946	0.9737034959207567	0.5158645904850322	1.887517604193864
cur_kal_20m_20200214	KP0404_AC_WP20	865	0.0027203485435979015	0.0018693631436996197	1.455227440835339	154841	0.9998269559986788	0.5700819259584491	1.7538303013513745
cur_kal_20m_20200214	KP0405_AC_WP20	790	0.003790496406014915	0.002455122205325663	1.5439135362763416	131682	0.9181071040698678	0.5097431167455332	1.8011172174948513
cur_kal_20m_20200214	KP0450_AC_WP20	6788	0.03964451560961582	0.031195561734774536	1.2708383309995988	194680	1.446182381912629	0.7240168440127791	1.9974430068468179
cur_kal_20m_20200214	KP0451_LM_WP20	3553	0.020259686938163584	0.019874601090317964	1.0193757774606715	162618	1.1301463733820625	0.6985143002814812	1.617928756686364
cur_kal_20m_20200214	KP0454_AC_WP20	23738	0.019609306942046874	0.023476604249765786	1	317138	2.1315732166323222	0.9186646835635273	2.3202951574930335
cur_kal_20m_20200214	KP0455_AC_WP20	37038	0.06512385458087593	0.04466856171022494	1.4579348894945197	325926	2.0882183147349735	0.9195220779849009	2.2709822468985497
cur_kal_20m_20200214	KP0456_AC_WP20	6417	0.021829928662992198	0.028106985480440612	1	297266	1.9111446428186087	0.7040513804556793	2.714495981218969
cur_kal_20m_20200214	KP0457_AC_WP20	1133	0.002394251457871893	0.0017362027685672713	1.3790160350035896	166017	1.091489853034863	0.5575946427461959	1.95749702267438
cur_kal_20m_20200214	KP0458_LM_WP20	10769	0.05943058144291594	0.0548240516298616	1.0840238850669923	240243	1.6584408697772282	0.8644953234766298	1.918391950470813
cur_kal_20m_20200214	KP0459_LM_WP20	13052	0.05833619056147824	0.06279629092958086	1	220273	1.5604515600548319	0.8856353444404422	1.761957186838279
cur_kal_20m_20200214	KP0460_LM_WP20	19064	0.09841859510281827	0.080468571846268	1.2230687440413763	270921	1.83822533580574	0.9622395863862312	1.9103613713392777
cur_kal_20m_20200214	KP0461_AC_WP20	437	0.0028364902614506195	0.0014969387764800475	1.8948605687938946	92785	0.6425385693348995	0.3482211198051075	1.845202754199733
cur_kal_20m_20200214	KP0462_AC_WP20	1195	0.007146046531002207	0.0049561518314995955	1.4418538361929096	98651	0.6735214134218637	0.3616754160068889	1.8622261387238854
cur_kal_20m_20200214	KP0463_AC_WP20	1000	0.005602251845022675	0.003994689554377281	1.4024248364641672	129118	0.9049696660032732	0.42582284360126194	2.1252257355424584
cur_kal_20m_20200214	KP0464_AC_WP20	7728	0.04050488645149116	0.040180699050501915	1.0080682369558027	241949	1.6822154950925934	0.7104947921018908	2.367667594179001
cur_kal_20m_20200214	KP0465_AC_WP20	2687	0.015480228307389677	0.015255324412177243	1.0147426491325815	195238	1.332444027527118	0.5489298466698072	2.427348477425042
cur_kal_20m_20200214	KP0466_AC_WP20	4057	0.012770725453644093	0.010390013958360972	1.2291345810336793	180999	1.253964431974309	0.5307486004999892	2.3626335157417615
cur_kal_20m_20200214	KP0467_AC_WP20	7400	0.013459045378549367	0.008174697844605434	1.6464272606028034	103862	0.6776415449772035	0.3407411609494525	1.9887281685869724
cur_kal_20m_20200214	KP0468_AC_WP20	1960	0.00617705470516228	0.004435462944286491	1.3926516313520794	82147	0.5298811795680788	0.3354210410806243	1.5797493736855721
cur_kal_20m_20200214	KP0470_AC_WP20	24166	0.14840360245576348	0.08488967797420752	1.7481937262249214	228881	1.6192862670545938	0.8833579001814034	1.8331032831902705
cur_kal_20m_20200214	KP0471_AC_WP20	13093	0.06399119463789665	0.04902628829840818	1.3052424904859534	270817	1.8835602599250905	0.8138031518675115	2.314515808402444
cur_kal_20m_20200214	KP0472_LM_WP20	12530	0.08727774355396235	0.06761501393360163	1.2908041938683863	282363	2.0933218875265056	0.9070332846050496	2.307877696503721
cur_kal_20m_20200214	KP0473_LM_WP20	102	0.00036020370146408156	0.0003398085038408452	1.060019679886495	69011	0.5133731640959075	0.4706460290007936	1.0907840127448347
cur_kal_20m_20200214	KP0474_AC_WP20	29	0.00022026650823342507	0.0001434228253073155	1.53578419447152	60536	0.4464639269916549	0.32020904609178613	1.3942889260651259
cur_kal_20m_20200214	KP0475_AC_WP20	1897	0.005454995108049789	0.005631120929442851	1	158802	0.9742363529867241	0.47452799055919137	2.0530640391490254
cur_kal_20m_20200214	KP0476_AC_WP20	2817	0.005856313812439254	0.0056639201377637885	1.0339682887462862	143884	0.8871374091036641	0.3749369801102977	2.3660973874667923
cur_kal_20m_20200214	KP0477_AC_WP20	6651	0.02054307162429212	0.013577362542601971	1.5130384535165575	161606	0.9936110394048283	0.4407589643136379	2.2543183913504903
cur_kal_20m_20200214	KP0478_AC_WP20	662	0.003843086394827571	0.0023836663971587013	1.612258493641761	136890	0.8477901745411006	0.3368773897760984	2.516613463149232
cur_kal_20m_20200214	KP0479_AC_WP20	11856	0.04390204841791496	0.03450696285679162	1.272266371286113	246459	1.5402226922039857	0.6886833090382593	2.2364745478656864
cur_kal_20m_20200214	KP0480_AC_WP20	1888	0.0035364688725655173	0.00356141830379916	1	214657	1.3504498588317568	0.6058193940976178	2.229129460015528
cur_kal_20m_20200214	KP0481_AC_WP20	1369	0.00574660839634923	0.0038606955908339147	1.488490418667781	225196	1.4200065005352993	0.6526527085632092	2.1757459701062007
cur_kal_20m_20200214	KP0482_LM_WP20	17004	0.11894167295787883	0.10406473256865582	1.1429585222775456	280078	1.9590722643612224	0.9766353340034384	2.005940391620446
cur_kal_20m_20200214	KP0483_AC_WP20	1166	0.006662361770669955	0.006564875837230551	1.0148496233373592	120521	0.8061709520611913	0.3768955356348856	2.138977185556697
cur_kal_20m_20200214	KP0484_AC_WP20	2522	0.011028894794709686	0.01233119366216436	1	136477	0.8957994257944846	0.610691047468509	1.466861892781681
cur_kal_20m_20200214	KP0485_AC_WP20	2525	0.013147469033731894	0.008607118164145609	1.527511157973859	132058	0.8993959062837307	0.4170850065506388	2.156385130508243
cur_kal_20m_20200214	KP0486_AC_WP20	5515	0.03199611332926644	0.016343890370105935	1.9576803689156814	177884	1.2024771163082129	0.5874453330374113	2.0469600296094845
cur_kal_20m_20200214	KP0487_AC_WP20	1794	0.012431679021666952	0.0058277232665180905	2.1331965251491	146818	1.0166117859267811	0.4140567707064739	2.4552473425134744
cur_kal_20m_20200214	KP0488_AC_WP20	721	0.004903443328031955	0.0025165423752272708	1.9484843077951834	139301	0.936272673492677	0.4124072270315295	2.2702625272400883
cur_kal_20m_20200214	KP0489_AC_WP20	461	0.003209009883198956	0.0018190135241269991	1.7641484467461885	164631	1.1091550083467576	0.5055613276023503	2.1939079351796553
cur_kal_20m_20200214	KP0490_AC_WP20	856	0.0018244932513508526	0.001410220345543969	1.2937646638810083	174665	1.2046280161439646	0.499007591065195	2.414047476858084
cur_kal_20m_20200214	KP0491_AC_WP20	553	0.003723938592115415	0.001978648469102812	1.8820617458158082	203268	1.3494232260045975	0.5156571100111208	2.616900261446013
cur_kal_20m_20200214	KP0492_AC_WP20	12250	0.06076890708852057	0.034067964945053174	1.783755125571259	259028	1.7544329678803692	0.7165565412772907	2.4484222344171505
cur_kal_20m_20200214	KP0493_AC_WP20	412	0.0017851347723878833	0.0008196198369282366	2.1780033766364104	150056	0.983722079149631	0.39161903713677454	2.511936310200523
cur_kal_20m_20200214	KP0494_AC_WP20	9183	0.017150961843067608	0.016234231534722494	1.056468968450054	285470	1.7721800167240398	0.7051233025060768	2.5132909526965563
cur_kal_20m_20200214	KP0495_AC_WP20	990	0.004022752131844389	0.003064227781859946	1.312811063087037	237463	1.4727998785849414	0.5567590888742033	2.645309089723208
cur_kal_20m_20200214	KP0499_AC_WP20	1102	0.003751512062992878	0.0031702084797058036	1.1833644654628581	143872	1.0014524431616691	0.3977297395130075	2.5179219547119565
cur_kal_20m_20200214	KP0500_AC_WP20	24	7.238104305316119e-05	4.6574986542178155e-05	1.5540754475068532	123998	0.8545192975936057	0.3437805053298687	2.485653736455086
cur_kal_20m_20200214	KP0501_AC_WP20	1787	0.008146356899802105	0.004558821232326614	1.7869437042269316	164696	1.12273257066017	0.41152878064288134	2.728199395692961
cur_kal_20m_20200214	KP0502_AC_WP20	2262	0.0054658210391699815	0.003959682354164254	1.3803685624989024	182390	1.2304994395730522	0.4572536458627215	2.691065343506255
cur_kal_20m_20200214	KP0503_AC_WP20	2016	0.004629620195202344	0.0053088096051200065	1	165110	1.1124607613122446	0.44408352371826765	2.5050710100607203
cur_kal_20m_20200214	KP0504_AC_WP20	1508	0.010225499859320869	0.005053003903341286	2.0236477261692363	139018	0.9394494954297878	0.3863907805989924	2.4313455253084206
cur_kal_20m_20200214	KP0505_AC_WP20	15076	0.07864209456678233	0.056592460783594124	1.3896213997038327	282767	1.9197294720339368	0.8633238669038864	2.2236492533429053
cur_kal_20m_20200214	KP0506_AC_WP20	2342	0.004077021641549322	0.004498228742484697	1	153801	1.0217730953008344	0.5236149343284646	1.9513826445978988
cur_kal_20m_20200214	KP0507_AC_WP20	1939	0.009739686067173516	0.0059771472137858175	1.6294873990571455	135153	0.8991093662659431	0.4105106744215407	2.190221649005588
cur_kal_20m_20200214	KP0508_AC_WP20	2375	0.014458638998042781	0.012445266988044254	1.1617781291420028	232376	1.5794360363250428	0.5855216970587673	2.697485070594265
cur_kal_20m_20200214	KP0509_AC_WP20	411	0.001991342080330145	0.0015381443422715058	1.2946392777347309	79386	0.5551029001652291	0.2858521468999497	1.9419231451828805
cur_kal_20m_20200214	KP0510_AC_WP20	553	0.0023911784076357367	0.0021688170751710716	1.1025265500766706	104211	0.7236581895667048	0.330869111758225	2.187143386462443
cur_kal_20m_20200214	KP0511_AC_WP20	390	0.0017052170505358563	0.0013382077159327676	1.2742543853494919	83895	0.5805163829213392	0.29198485853602946	1.9881728998961308
cur_kal_20m_20200214	KP0512_AC_WP20	731	0.004420592449659892	0.002286593275710351	1.9332657436800142	100531	0.6897903726892095	0.31079153599465104	2.2194631860923053
cur_kal_20m_20200214	KP0513_AC_WP20	92	0.0005036382210105604	0.0003153630542055153	1.5970108555656943	138956	0.9495697136708061	0.3999319691999553	2.374328102778017
cur_kal_20m_20200214	KP0514_AC_WP20	1770	0.004466517722702542	0.004405071765640637	1.013948911693376	186155	1.2624045413332419	0.5918015025106458	2.133155350193679
cur_kal_20m_20200214	KP0515_AC_WP20	2625	0.014118730862588535	0.01513653701292365	1	217081	1.5107127672117988	0.6334123539323117	2.3850383685021055
cur_kal_20m_20200214	KP0516_AC_WP20	1033	0.00668045082785672	0.00270822980333121	2.4667222920446226	165288	1.1055566073829435	0.5287317598972707	2.0909593318126873
cur_kal_20m_20200214	KP0517_AC_WP20	431	0.002508263480719915	0.0021717132653147485	1.1549699128242834	175469	1.1834835168696607	0.535271989532071	2.2109946718942814
cur_kal_20m_20200214	KP0518_LM_WP20	851	0.004705009966020508	0.0044179652036827255	1.0649721645834846	188736	1.2122008127434338	0.5745075381822781	2.109982432221508
cur_kal_20m_20200214	KP0519_AC_WP20	219	0.0009858191072943637	0.0005454384253299871	1.8073884448055686	107686	0.6914604013164187	0.39940354294148045	1.7312325179291903
cur_kal_20m_20200214	KP0520_AC_WP20	62	0.0001910526247104504	0.00013806666005173888	1.3837708874746129	136069	0.8489900841652722	0.39148246242727697	2.1686541943701587
cur_kal_20m_20200214	KP0521_AC_WP20	4113	0.024337514730013932	0.01260362620122797	1.9309930603656533	149262	0.955188443059269	0.5494260087260908	1.7385206158586965
cur_kal_20m_20200214	KP0522_AC_WP20	7266	0.013665172492830023	0.01178879979574927	1.1591657106397992	171874	1.0548039970939922	0.48203500202554034	2.188231129817631
cur_kal_20m_20200214	KP0523_AC_WP20	3390	0.009297597147609533	0.007908618538743865	1.1756284744372412	205319	1.2429451038510786	0.5529861478169911	2.2476966353638703
cur_kal_20m_20200214	KP0524_AC_WP20	1911	0.009142002268959623	0.006602108541302487	1.3847094775506459	202034	1.1859938780200816	0.45688183296646095	2.5958438100276657
cur_kal_20m_20200214	KP0525_AC_WP20	2505	0.00578619546377927	0.005032542991046625	1.149755794252223	193624	1.1302848946080883	0.5270105748119196	2.144710084824135
cur_kal_20m_20200214	KP0526_AC_WP20	4234	0.010506075809148849	0.010911424107935063	1	175628	1.0549899357405443	0.48089057696347715	2.193825344638993
cur_kal_20m_20200214	KP0527_LM_WP20	12735	0.06800948303835674	0.04782359263446576	1.4220906312534811	272573	1.8014191508719872	0.8327429530311826	2.1632355390277698
cur_kal_20m_20200214	KP0528_AC_WP20	4779	0.021254940261839092	0.01593780822347154	1.333617519034834	186736	1.258022350085012	0.6102504929600843	2.0614851845229034
cur_kal_20m_20200214	KP0529_LM_WP20	344	0.0018645488272312904	0.0020300949462609625	1	118314	0.7767018301594534	0.4940875408646363	1.5719923412767134
cur_kal_20m_20200214	KP0530_AC_WP20	431	0.0027567094316522404	0.0011059534367985813	2.4926089471109427	130367	0.8953227326870132	0.47299461477428006	1.8928814509109673
cur_kal_20m_20200214	KP0531_AC_WP20	733	0.0023324329502092725	0.0017826483054935909	1.3084089234098555	139780	0.8576244111462009	0.45033901491109085	1.9043973156878697
cur_kal_20m_20200214	KP0532_AC_WP20	11712	0.018767542833761138	0.020950323644910437	1	199801	1.2343434428142492	0.6085042638936792	2.0284877461925555
cur_kal_20m_20200214	KP0533_AC_WP20	195	0.0010956815954407792	0.0007500178231033335	1.4608740775081848	154410	1.0438746751079648	0.47004118049296784	2.220815363481928
cur_kal_20m_20200214	KP0534_AC_WP20	1857	0.006572920777338631	0.0034362755610948	1.9128037494305299	196138	1.332555052759321	0.5943613463061431	2.2419948084459547
cur_kal_20m_20200214	KP0535_AC_WP20	4671	0.02121440160990829	0.015855123282061682	1.3380155570225076	232595	1.5286200357421038	0.5768391340758505	2.6499936385056366
cur_kal_20m_20200214	KP0536_AC_WP20	8593	0.014621090010717234	0.007700918999366838	1.8986162576076135	260019	1.5710504560073366	0.642068390632158	2.446858432729472
cur_kal_20m_20200214	KP0537_AC_WP20	428	0.0008751834358809356	0.0006190930322568503	1.4136541525762771	172463	1.0310697985986692	0.4668281228238081	2.208671132239861
cur_kal_20m_20200214	KP0538_AC_WP20	5478	0.008421127809310877	0.00701156496348352	1.2010339850188099	171181	1.0823388385475432	0.48804935408787226	2.2176831697080175
cur_kal_20m_20200214	KP0539_AC_WP20	2080	0.013442836829308587	0.006288326784343912	2.13774463228872	109845	0.725794075471463	0.35776816647710097	2.0286714791264626
cur_kal_20m_20200214	KP0540_AC_WP20	57	0.00013297476773960489	8.736166277977923e-05	1.522118095151267	93890	0.5944417042373963	0.3351902767470975	1.7734455486186584
cur_kal_20m_20200214	KP0541_AC_WP20	25	0.00013866943840682333	5.858689788830565e-05	2.3669018740536987	76961	0.49009131962615005	0.3099425105992237	1.5812329798795197
cur_kal_20m_20200214	KP0542_LM_WP20	39239	0.18508219887391386	0.12567736799405402	1.4726772355916171	392826	2.488351704956589	1.1697191971719498	2.127306887817794
cur_kal_20m_20200214	KP0543_AC_WP20_d	893	0.0018465427613318073	0.0016170042443011	1.1419529465304021	176187	1.0390055584987998	0.5411875666635264	1.9198622113666974
cur_kal_20m_20200214	KP0544_AC_WP20	3897	0.014245583174014921	0.013370067452109145	1.0654832688796692	221651	1.3182238340281938	0.6685804549154943	1.9716756963749584
cur_kal_20m_20200214	KP0545_AC_WP20	6608	0.023739318396336664	0.020135098236120565	1.1790018661915664	246552	1.4795927169227432	0.706630538453795	2.093870327427818
cur_kal_20m_20200214	KP0547_LM_WP20	7741	0.018916796996729563	0.014440458661236073	1.3099858834477163	281582	1.721029354227473	0.7586985530495051	2.268396779340076
cur_kal_20m_20200214	KP0548_LM_WP20	26249	0.03352011358054131	0.04985574608410103	1	325841	2.0959294604919925	1.0871481048164298	1.927915296183035
cur_kal_20m_20200214	KP0549_AC_WP20	1968	0.010753104473388168	0.010992150507747449	1	219996	1.3758147001294883	0.5697164557453889	2.4149112883345456
cur_kal_20m_20200214	KP0549_AC_WP20_2	715	0.003634759520750658	0.0030892019467421753	1.176601459993193	160387	1.0977984658231692	0.5208462217005725	2.1077208974250348
cur_kal_20m_20200214	KP0550_LM_WP20	3781	0.014390308744515292	0.01216664975596044	1.1827667462413376	170168	1.1571616103942894	0.7269935701627501	1.591708177192322
cur_kal_20m_20200214	KP0551_LM_WP20	4253	0.014858817733101775	0.015054246281780693	1	169413	1.1756483486925517	0.7137810299964666	1.6470714396799975
cur_kal_20m_20200214	KP0552_AC_WP20	4589	0.02601342911594156	0.013370920390529456	1.9455226982255251	216680	1.481848277130077	0.8167733261373978	1.8142711444041453
cur_kal_20m_20200214	KP0553_AC_WP20	2278	0.021870309341980265	0.021366391411753033	1.0235846063341347	207159	1.4553532771991795	0.6991287291201324	2.0816671044698323
cur_kal_20m_20200214	KP0554_AC_WP20	8799	0.056830339928982274	0.028554818414304628	1.9902189222297044	210657	1.4316470800779808	0.6560901201679578	2.1820890698849147
cur_kal_20m_20200214	KP0555_AC_WP20	36062	0.1493436630199167	0.12392903650904556	1.2050740264491293	293019	2.007162790118359	0.9704346183758711	2.0683132609980115
cur_kal_20m_20200214	KP0556_AC_WP20	13260	0.027007003855072573	0.028417262319561633	1	147639	1.08311137775687	0.6424085719031261	1.6860163844765772
cur_kal_20m_20200214	KP0557_AC_WP20	4962	0.011594500199320831	0.011863980810882703	1	186532	1.2278765509130078	0.5136637430599849	2.390428694846812
cur_kal_20m_20200214	KP0558_LM_WP20	20765	0.15105141047295728	0.10643629819671155	1.4191719651296943	257911	1.889696518203645	1.054284447518808	1.7923972251045972
cur_kal_20m_20200214	KP0559_AC_WP20	3201	0.006695272049853288	0.007664852158649721	1	151543	0.9738793261541709	0.4529840150355956	2.149919851095945
cur_kal_20m_20200214	KP0560_AC_WP20	2480	0.010692020187702763	0.011639780180628405	1	143157	0.934640211436809	0.510227825177538	1.8318095668569099
cur_kal_20m_20200214	KP0561_AC_WP20	823	0.0009692931261763772	0.000831136299622966	1.1662264379694212	117543	0.8248153427617557	0.40295545362090446	2.04691445505967
cur_kal_20m_20200214	KP0562_LM_WP20	34860	0.17537458775587705	0.13333091354822302	1.3153332793482113	491763	3.4080330517873385	1.319225302772765	2.5833593735840954
cur_kal_20m_20200214	KP0563_AC_WP20	163	0.0008756380680689014	0.0006780231484568902	1.2914574820369513	110150	0.7880620916416067	0.33087352399339726	2.38176231851459
cur_kal_20m_20200214	KP0564_LM_WP20	487	0.0015217726690436026	0.0015835159754877574	1	128429	0.9087854392074223	0.4002251124126652	2.27068569917819
cur_kal_20m_20200214	KP0565_AC_WP20	43	0.000250084149012034	0.00016171239818094208	1.5464748023352648	116663	0.7768002263570252	0.41682623839316546	1.863606833752916
cur_kal_20m_20200214	KP0566_LM_WP20	37664	0.1788029586720903	0.13218848967349026	1.352636368822575	335114	2.2342317446792594	1.0969822624039591	2.036707266153145
cur_kal_20m_20200214	KP0567_LM_WP20	9287	0.05445578391692745	0.04601434639021714	1.18345229670599	269148	1.7810264835831786	0.8140716248941339	2.1878007157107247
cur_kal_20m_20200214	KP0568_AC_WP20	833	0.004472092005991918	0.002575192942940993	1.7366046370430699	199919	1.3738290255243868	0.5670791247958928	2.4226408017026992
cur_kal_20m_20200214	KP0569_AC_WP20	3519	0.010140484738228412	0.006568972136018904	1.5436942840153387	257363	1.7376432341246928	0.62887254864433	2.763108737804753
cur_kal_20m_20200214	KP0570_LM_WP20	8928	0.043790518983554245	0.04495200578412198	1	346170	2.3219369274092125	0.8194789112303326	2.833430971302422
cur_kal_20m_20200214	KP0571_AC_WP20	680	0.0037586306294890527	0.0030211438712573263	1.2441084535059903	96544	0.6238427467599696	0.3146533297090898	1.9826351347902098
cur_kal_20m_20200214	KP0572_AC_WP20	1432	0.0070486974063847406	0.004469369127411917	1.5771123855385019	186280	1.2802842711989484	0.5625738358127815	2.275762201683715
cur_kal_20m_20200214	KP0573_LM_WP20	85	4.0248947175491365e-05	2.9077824877081096e-05	1.3841801216436673	166859	1.138146483439159	0.47428211689785105	2.399724642547061
cur_kal_20m_20200214	KP0574_AC_WP20	1061	0.008766113062520054	0.0077406769677905605	1.1324736969384457	179752	1.2928736244514596	0.5986373129205013	2.1596943534041833
cur_kal_20m_20200214	KP0575_AC_WP20	7009	0.03356420441236726	0.02269122573775612	1.4791710593456175	198899	1.3618470918379104	0.701662788110556	1.9408854437116505
cur_kal_20m_20200214	KP0576_AC_WP20	7	1.9647740283225128e-05	5.673811571068376e-06	3.4628820568190752	128909	0.8965474476129209	0.3611776838847586	2.482289154661569
cur_kal_20m_20200214	KP0577_AC_WP20	3386	0.013605725054063347	0.009528234196262739	1.427937724221758	173162	1.1995246555430046	0.515535358532884	2.3267553538066226
cur_kal_20m_20200214	KP0578_AC_WP20	897	0.003679792735979461	0.0020542392777637033	1.7913165110859801	165828	1.1396246258037435	0.5103696982034117	2.2329394355021788
cur_kal_20m_20200214	KP0579_AC_WP20	1249	0.007268318124035277	0.005611559906370431	1.2952402264803478	187150	1.2712382106048792	0.5886693087352282	2.159511616693876
cur_kal_20m_20200214	KP0580_AC_WP20	2729	0.007360327174788827	0.008465692395722828	1	240066	1.6577780618581626	0.6774847469140952	2.4469599786699967
cur_kal_20m_20200214	KP0581_AC_WP20	631	0.0016382534769281579	0.001309335975612125	1.251209397314743	138159	0.9902155021804443	0.5785435669778338	1.71156600591565
cur_kal_20m_20200214	KP0582_AC_WP20	33	0.00010500000593171842	9.212879048104582e-05	1.1397089377106353	77224	0.5604722176312888	0.23960566082538345	2.339144307778864
cur_kal_20m_20200214	KP0583_LM_WP20	7319	0.05009912960220644	0.04587691188800507	1.092033607765681	274031	1.9727063517702839	0.6945381968589692	2.840313694324944
cur_kal_20m_20200214	KP0584_AC_WP20	1645	0.006945705325306887	0.0043820008046934695	1.5850534116441712	82091	0.6196654411007901	0.23168304202824908	2.674625797710453
cur_kal_20m_20200214	KP0585_LM_WP20	7695	0.05359922686463546	0.03926558574899485	1.3650433539249451	175654	1.27489232240152	0.6174228071676299	2.0648610767230497
cur_kal_20m_20200214	KP0586_LM_WP20	7737	0.06981317945811652	0.06161026722700073	1.1331419680569226	198210	1.5382271993909167	0.8629488894429355	1.782524107985002
cur_kal_20m_20200214	KP0588_LM_WP20	14387	0.08084402289414226	0.08539731512387418	1	192446	1.3722367964051123	0.7035677831833946	1.9503974303601959
cur_kal_20m_20200214	KP0589_AC_WP20	18951	0.10128031338405515	0.04796856623418077	2.1113892145453836	198342	1.4548649196311545	0.6321552149090002	2.301436237998266
cur_kal_20m_20200214	KP0590_AC_WP20	861	0.0023625184189995847	0.0019854398907687846	1.1899219059635147	103106	0.7556839229255522	0.3113102341799358	2.4274303892263642
cur_kal_20m_20200214	KP0591_AC_WP20	274	0.0019684470709122057	0.0016477785950076524	1.1946065308021943	133750	0.9647147403991343	0.3935640698673412	2.4512266598023316
