plot_name	sample_name	colony_points	mean_colony	low_colony	high_colony	mean_env	low_env	high_env	outcrop_prop
cur_kal_20m_20200214	KP0287_LM_WP20	8402	-1.694862843718219	-1.7866977698267503	-1.5774050207999943	-1.6049381889129348	-2.1067456248769023	-1.0870483083253968	0.4039265127730469
cur_kal_20m_20200214	KP0288_LM_WP20	17958	-1.7901521989688622	-1.9330004213905014	-1.6663817172693784	-1.7651433709593483	-2.27310870271386	-1.2175593051638627	0.45754040963499487
cur_kal_20m_20200214	KP0289_AC_WP20	3128	-1.730981143234409	-1.7789746046641208	-1.691450929612457	-1.7466730816777134	-2.133616768867823	-1.2273370743745537	0.4442730297058468
cur_kal_20m_20200214	KP0290_LM_WP20	4281	-1.781453515566979	-1.860074407318125	-1.7365078987646652	-1.8090307008217348	-2.093621995214926	-1.4587340497682288	0.4916906705927614
cur_kal_20m_20200214	KP0291_AC_WP20	537	-1.748777549704858	-1.7664207336166047	-1.7121351132066032	-1.7924213513160845	-2.056923642744039	-1.383285784143337	0.45743583010502115
cur_kal_20m_20200214	KP0292_AC_WP20	1010	-1.416865682776173	-1.4529317726271453	-1.3841043857217237	-1.612372874798133	-1.8466683900729535	-1.2840458173603229	0.7639272367344383
cur_kal_20m_20200214	KP0293_LM_WP20	25133	-2.0172553815147416	-2.177014649914068	-1.8519075023934564	-2.047961513044545	-2.337014803158346	-1.6422990855396014	0.4602737688728762
cur_kal_20m_20200214	KP0294_AC_WP20	1848	-1.8609465426947054	-1.9335911352918114	-1.798346891354624	-1.8795058070160031	-2.2223180849204565	-1.4729745720055654	0.4822508449029503
cur_kal_20m_20200214	KP0295_AC_WP20	12045	-1.6302523229270327	-1.719976929315784	-1.5070860551989882	-1.8135433252425965	-2.1290050885254077	-1.3637481113323955	0.6517454665069721
cur_kal_20m_20200214	KP0296_AC_WP20	429	-1.5049415284116854	-1.518933053001137	-1.4929984664181597	-1.6886547382470989	-1.8983276806745768	-1.138843846228813	0.5179651421415262
cur_kal_20m_20200214	KP0297_AC_WP20	405	-1.5244044121129319	-1.542624331364082	-1.5055115851566168	-1.7056987988239054	-1.9378039794363235	-1.1137129418069953	0.5016430812214907
cur_kal_20m_20200214	KP0298_AC_WP20	1031	-1.7761222251439355	-1.7912973960545666	-1.758465161385243	-1.7947377975625785	-2.0560833790895776	-1.29875104306313	0.36966750345632315
cur_kal_20m_20200214	KP0299_AC_WP20	905	-1.5514999779425558	-1.5755020405781255	-1.5246425365903438	-1.7229985924302138	-1.9653484384926863	-1.1254273714971548	0.492723038880905
cur_kal_20m_20200214	KP0300_AC_WP20	1254	-1.5863030277740426	-1.6077915218852357	-1.5699688720016587	-1.7596209714177418	-2.030114690896694	-1.1884624175907643	0.5273100034286149
cur_kal_20m_20200214	KP0301_AC_WP20	408	-1.699227610012145	-1.7163972989504106	-1.6836126881231022	-1.8029660641012948	-2.0252677895360334	-1.2749496590433034	0.4345359205298417
cur_kal_20m_20200214	KP0302_AC_WP20	374	-1.849884181997493	-1.8606871334342054	-1.8395404499384742	-1.8502955087666622	-2.054598329045631	-1.4499793498814868	0.3385837264505744
cur_kal_20m_20200214	KP0303_AC_WP20	1887	-1.698354353283465	-1.7384676107962458	-1.6702046872341638	-1.824568744671107	-2.054598329045631	-1.277718950375491	0.458557641692052
cur_kal_20m_20200214	KP0304_AC_WP20	10534	-1.6935476008605115	-1.7678232053808234	-1.6330665561661515	-1.8279216461146537	-2.054598329045631	-1.1719172821284491	0.40903872292954696
cur_kal_20m_20200214	KP0305_AC_WP20	3807	-0.45844314132051045	-0.5093693564974558	-0.4151898228523704	-0.6242693231380058	-0.8883627051636295	-0.3780190924410546	0.8424119615205712
cur_kal_20m_20200214	KP0306_LM_WP20	2937	-1.6543750488906543	-1.7088171831113623	-1.6005880534083299	-1.7466539308127695	-2.0519412102550945	-1.1697826901087596	0.4506742861798702
cur_kal_20m_20200214	KP0309_AC_WP20	2042	-1.5719257287603254	-1.631021284395564	-1.5204415073566928	-1.6961023720919814	-2.0293409648172567	-1.3123259668431189	0.6379437492232622
cur_kal_20m_20200214	KP0310_AC_WP20	10787	-1.3870376588341977	-1.4659677598643113	-1.3129881527264577	-1.5570990550071693	-1.8752798908178223	-1.288917484706552	0.8326629178388596
cur_kal_20m_20200214	KP0311_AC_WP20	504	-1.4032723938189708	-1.4219781480842053	-1.3892807179913107	-1.510036338449626	-1.8239331951902826	-1.2602824013187854	0.7463145726841915
cur_kal_20m_20200214	KP0312_AC_WP20	359	-1.4041494707833027	-1.4244618153069495	-1.386777409128995	-1.5169004644855042	-1.8114630465399415	-1.288917484706552	0.779479543042236
cur_kal_20m_20200214	KP0313_AC_WP20	1515	-1.418920344010728	-1.4559211272801593	-1.393904591657323	-1.511971736608727	-1.8575958418299612	-1.288917484706552	0.7713947477062785
cur_kal_20m_20200214	KP0315_AC_WP20	1467	-1.8555447469224395	-1.8873925310357351	-1.837820444984347	-2.017386623736737	-2.2890423445928776	-1.5854639710405956	0.6161326356319924
cur_kal_20m_20200214	KP0316_AC_WP20	111	-1.9131710365921195	-1.9183000588892556	-1.909438328365402	-2.0280122228634516	-2.3020532688723327	-1.6136317920221557	0.5648897446656022
cur_kal_20m_20200214	KP0317_AC_WP20	269	-1.9683831683144564	-1.9759483478287285	-1.963083947814923	-2.033386487126405	-2.3298258381437575	-1.6015493285706919	0.4962986792491606
cur_kal_20m_20200214	KP0318_LM_WP20	661	-2.1118536012041003	-2.1406469242705706	-2.08499693269017	-2.0826844598567185	-2.318067827880853	-1.8191666879867117	0.4133368521076299
cur_kal_20m_20200214	KP0319_LM_WP20	3417	-2.143083592799511	-2.1964467896676125	-2.083123003251081	-2.0375212226482287	-2.2712481175560972	-1.6869018666408346	0.21932976305716312
cur_kal_20m_20200214	KP0320_LM_WP20	7582	-2.170027245211265	-2.2157749083030067	-2.088273751726218	-2.0085150773111757	-2.2835563149443714	-1.6352594380957175	0.1751189521149116
cur_kal_20m_20200214	KP0321_LM_WP20	938	-1.787009037889862	-1.8299368185439686	-1.7484312680021432	-1.832595301094136	-2.193920065421583	-1.4371301096615414	0.5376802697163994
cur_kal_20m_20200214	KP0322_LM_WP20	40636	-1.9333431762556934	-2.1735701193869885	-1.7037168149653668	-1.8780203067068497	-2.3960062833881963	-1.229771758328337	0.39671532371137425
cur_kal_20m_20200214	KP0323_AC_WP20	51	-0.37771196648596955	-0.3822294156058713	-0.3745059327300714	-0.5263896283625766	-0.7873352670990416	-0.30090285476348905	0.8420970523866
cur_kal_20m_20200214	KP0324_AC_WP20	4196	-0.3648547762834869	-0.41639812243870095	-0.31957265086704195	-0.5195461358611038	-0.8197340460882869	-0.2218990762077674	0.760877654740923
cur_kal_20m_20200214	KP0325_AC_WP20	1526	-0.3867510651925662	-0.42325892651982927	-0.35343938322025686	-0.46254334559428356	-0.7296194715066755	-0.18204813360462072	0.6261620771236183
cur_kal_20m_20200214	KP0326_AC_WP20	2733	-0.2839270334294758	-0.3195931482512471	-0.2581083241011235	-0.44017931338299515	-0.7253258771470651	-0.10910418083033323	0.7162987709714048
cur_kal_20m_20200214	KP0327_AC_WP20	4668	-0.5140410418979579	-0.5799085922521167	-0.43183569442739195	-0.5630352080377832	-0.9661942516974935	-0.18709950553910557	0.5803571542858461
cur_kal_20m_20200214	KP0328_LM_WP20	2580	-0.653170934488624	-0.6849298795319541	-0.6144133931685815	-0.5981712360379783	-1.0972584231494067	-0.2543395327432128	0.5268448645714673
cur_kal_20m_20200214	KP0329_AC_WP20	5517	-0.6804766309295645	-0.7453984231474586	-0.609131402847096	-0.6917280373012248	-1.1755629791151943	-0.28492686012766194	0.5558794861682006
cur_kal_20m_20200214	KP0330_LM_WP20	10801	-0.8527151262051874	-0.9342656020798917	-0.8071784932038145	-0.8656780094021109	-1.3052981850537173	-0.5414712972987595	0.5925204599418638
cur_kal_20m_20200214	KP0331_AC_WP20	3887	-1.1045351802651504	-1.1691525547709616	-1.0609320711674253	-1.0612308128926715	-1.5596757714645562	-0.6982310803332159	0.5283456917026988
cur_kal_20m_20200214	KP0332_AC_WP20	3836	-0.99799311997739	-1.063981305790104	-0.946122475463276	-1.0507731371714746	-1.4726392290765427	-0.7503289253396996	0.6571221629313472
cur_kal_20m_20200214	KP0333_AC_WP20	269	-0.9677120825264571	-0.9821911288529119	-0.9544110818193224	-1.0594378998477287	-1.3837333708287571	-0.7547870830491099	0.6614575781518152
cur_kal_20m_20200214	KP0334_AC_WP20	2638	-1.0552603956318323	-1.1047462729911497	-0.9995712435082184	-1.0941657476164317	-1.4705783734028008	-0.7806331367768397	0.6019578884289395
cur_kal_20m_20200214	KP0335_AC_WP20	692	-0.6422020352046807	-0.6705037229295499	-0.6186860040508041	-0.8068863795467128	-1.0531285480252948	-0.5647065627343821	0.8413350037383331
cur_kal_20m_20200214	KP0336_AC_WP20	1282	-0.6406787520321192	-0.6718590908574422	-0.6182093409661387	-0.8006085729808391	-1.048974808531312	-0.5647065627343821	0.8431196140628333
cur_kal_20m_20200214	KP0337_AC_WP20	1317	-0.6551914492452331	-0.6910195358643627	-0.6275312440117583	-0.8177230992620204	-1.0675727261559451	-0.5647065627343821	0.8200616921703765
cur_kal_20m_20200214	KP0338_AC_WP20	6595	-0.7353570119578957	-0.8496775014456703	-0.6336173589743023	-0.9031393328744016	-1.2498144632559753	-0.5792059408890882	0.7671501839587748
cur_kal_20m_20200214	KP0339_AC_WP20	339	-0.9860579755934215	-1.0103295664785923	-0.9618580453803207	-0.9940430608908037	-1.4081627511709693	-0.6294963617827385	0.5420868055049607
cur_kal_20m_20200214	KP0340_AC_WP20	7433	-1.0302120414465192	-1.1623817401684686	-0.9494813507444202	-1.0913884454598113	-1.5653760660528437	-0.62744150984511	0.5705771485487271
cur_kal_20m_20200214	KP0341_LM_WP20	5321	-1.4869059405966512	-1.5823896726566995	-1.4008374999712485	-1.4318417381725876	-1.7960183717156946	-0.9880039267922727	0.38255805086298794
cur_kal_20m_20200214	KP0342_LM_WP20	24461	-1.5138563369942226	-1.660410448024332	-1.3166760455738926	-1.4454067992088693	-1.9193111598821908	-0.9199033407871465	0.4056950677603306
cur_kal_20m_20200214	KP0343_LM_WP20	5373	-1.4203284538038856	-1.5185000040697558	-1.3356630482960834	-1.404437381540873	-1.7388166233979485	-0.9520924363687995	0.40482824202564216
cur_kal_20m_20200214	KP0344_LM_WP20	48265	-1.5004242883620242	-1.72461473888588	-1.342933675022842	-1.6044155212655422	-2.1049050620006944	-1.0402493060792204	0.5677711037362343
cur_kal_20m_20200214	KP0345_LM_WP20	23718	-1.4624506063273142	-1.6331194650560423	-1.266945538184857	-1.469436305303495	-1.7818623041871302	-0.9323256565419111	0.375983424311564
cur_kal_20m_20200214	KP0346_AC_WP20	2434	-1.4412008246472956	-1.482938452274022	-1.3854653450823247	-1.4922633028834666	-1.7582584587756176	-1.1288608037000794	0.5037477206524861
cur_kal_20m_20200214	KP0347_AC_WP20	5399	-1.7043059863097443	-1.801155938555592	-1.613443323042325	-1.7620137813655854	-2.168736705210584	-1.3613387291600179	0.5752190774277507
cur_kal_20m_20200214	KP0348_LM_WP20	29970	-1.7182806600255316	-1.9368216871118662	-1.542832853290256	-1.715367600969613	-2.2112919760475647	-1.2139802881608355	0.49434025692279604
cur_kal_20m_20200214	KP0349_LM_WP20	48636	-1.6778945443103803	-1.8769731330316262	-1.5214118464929085	-1.6584208120726112	-2.2112919760475647	-1.1469848663028315	0.501168719868005
cur_kal_20m_20200214	KP0350_LM_WP20	90064	-1.9092421801781405	-2.186956850055735	-1.5689509393416987	-1.856137749592743	-2.321775765191074	-1.2517847032957785	0.38554862718404864
cur_kal_20m_20200214	KP0351_AC_WP20	2322	-1.3051637725937366	-1.3481190551023357	-1.2700973709761483	-1.405014488399283	-1.7501727770788975	-1.057152832092981	0.6421301547016867
cur_kal_20m_20200214	KP0352_AC_WP20	10435	-1.3242626747220958	-1.418004379734497	-1.2521936429699247	-1.4537032888997772	-1.8212223496762903	-1.057152832092981	0.6504115967432363
cur_kal_20m_20200214	KP0353_AC_WP20	9399	-1.2987314365561808	-1.3755783924565463	-1.228782590175559	-1.340829490921377	-1.779474405482046	-0.9180478781070929	0.5580777392482275
cur_kal_20m_20200214	KP0354_AC_WP20	365	-1.370909356264675	-1.3824701514412583	-1.3612699425505461	-1.3971796085501071	-1.7920921323875592	-1.057152832092981	0.5730851186677128
cur_kal_20m_20200214	KP0355_AC_WP20	3307	-1.11476144753359	-1.1835357712034515	-1.0464912463402112	-1.2773635196284427	-1.5841984976616106	-1.016802621661047	0.8273536519809923
cur_kal_20m_20200214	KP0356_AC_WP20	7438	-0.8309239535164787	-0.9184974130822341	-0.7278486529296719	-0.9628287752039832	-1.3186475497565566	-0.6260498518037435	0.7041946539552412
cur_kal_20m_20200214	KP0357_AC_WP20	2670	-0.8730311215962294	-0.9169140660621988	-0.8372314087297266	-0.9846739332871206	-1.3195616410704956	-0.6686922098504076	0.6860523755697389
cur_kal_20m_20200214	KP0358_AC_WP20	43177	-0.8424317964729686	-1.0132044580536304	-0.6373479588046067	-0.9504341081312805	-1.4234847170888403	-0.4740173468612578	0.6119777665203979
cur_kal_20m_20200214	KP0359_AC_WP20	1053	-0.7778295004272822	-0.8030051895535102	-0.7528865339344775	-0.8740011412471935	-1.1609884357800166	-0.5348902138380576	0.6119789546188079
cur_kal_20m_20200214	KP0360_AC_WP20	953	-0.8303217913048898	-0.8570597153583239	-0.8051135044183665	-0.9366515941015668	-1.2188975705603944	-0.6238706350368517	0.6530389736283296
cur_kal_20m_20200214	KP0361_AC_WP20	919	-0.8419389402075462	-0.8700798080631069	-0.8124897595167033	-0.9486216199236127	-1.2168459916681782	-0.6286660393625984	0.6374019549477178
cur_kal_20m_20200214	KP0362_AC_WP20	847	-0.832177409434975	-0.8607444717725898	-0.8062972296037212	-0.9041227730448318	-1.2204020891973582	-0.5193290138788217	0.5537577942013978
cur_kal_20m_20200214	KP0363_AC_WP20	4088	-0.9847047079740227	-1.032292461029825	-0.9393342438919622	-0.9781775748798752	-1.342763041816719	-0.5985743139864913	0.48113915254623474
cur_kal_20m_20200214	KP0364_AC_WP20	12163	-0.577983678184157	-0.6513251031040871	-0.5087681027960489	-0.7844407164214382	-1.0540235735456065	-0.47292436874368216	0.8192058970786482
cur_kal_20m_20200214	KP0365_AC_WP20	841	-0.6488599544426402	-0.6813125527495678	-0.6136292029107265	-0.782357943093153	-1.028836365193765	-0.47292436874368216	0.6835189979305369
cur_kal_20m_20200214	KP0366_AC_WP20	113	-0.7142571407704802	-0.7214138216858041	-0.7073576089681545	-0.8002390822608543	-1.1049864141455321	-0.47292436874368216	0.6181818323336209
cur_kal_20m_20200214	KP0367_AC_WP20	1354	-0.535663990597058	-0.572084772457733	-0.4980087492715215	-0.7348572613750332	-0.9725140430584369	-0.47292436874368216	0.8744176970041854
cur_kal_20m_20200214	KP0368_AC_WP20	926	-0.7891579794075667	-0.8148025064572781	-0.7585358659155466	-0.8596105789289417	-1.192944615558701	-0.49869485544537695	0.581615809395776
cur_kal_20m_20200214	KP0369_AC_WP20	5984	-0.8737359625327333	-0.9542390256019189	-0.8017012918217242	-0.895627293622784	-1.3294122389644274	-0.47292436874368216	0.5320288731167334
cur_kal_20m_20200214	KP0370_AC_WP20	10546	-1.1015272153790765	-1.1782550278167174	-1.0335672514898637	-1.0686530070033975	-1.622278122231157	-0.6193326119911281	0.5192215345053516
cur_kal_20m_20200214	KP0371_AC_WP20	359	-0.9357812673512355	-0.9686770994300301	-0.9093231064864963	-0.975806474506777	-1.305042775167108	-0.5942391412873086	0.5194986213004035
cur_kal_20m_20200214	KP0372_AC_WP20	20313	-0.8424738158768771	-0.9817984318843246	-0.6977819453608325	-0.9702256979157803	-1.260728450850618	-0.5078929282160171	0.5555723958269522
cur_kal_20m_20200214	KP0373_AC_WP20	794	-0.8479848551579099	-0.8833540387129797	-0.8073143907792314	-0.8684796182148317	-1.2504705363970254	-0.47292436874368216	0.517635734034712
cur_kal_20m_20200214	KP0374_AC_WP20	12805	-1.822443542694852	-1.8854680205140268	-1.7588960721044575	-1.878379399278059	-2.16003606288439	-1.4167361514001013	0.4541807619960598
cur_kal_20m_20200214	KP0375_LM_WP20	8512	-1.7652257896221473	-1.877238297257633	-1.6872118047298719	-1.7328765428424016	-2.076352363606307	-1.3385837836262218	0.4217129631524264
cur_kal_20m_20200214	KP0376_LM_WP20	8864	-1.829117290982991	-1.8973451802680135	-1.7144784722301234	-1.7590783359813427	-2.0334628900413945	-1.3989979550687097	0.32207548092031457
cur_kal_20m_20200214	KP0377_LM_WP20	23956	-1.5482691685348788	-1.7036955661977713	-1.382114889503355	-1.6633487557856688	-1.957489632470248	-1.1589106823010447	0.5124358259739545
cur_kal_20m_20200214	KP0378_AC_WP20	277	-1.5078523747761052	-1.5249505711091043	-1.4896738816593162	-1.6917578318995525	-1.9114180366637996	-1.3486257641913524	0.71707747534407
cur_kal_20m_20200214	KP0379_AC_WP20	20	-1.6925031186781545	-1.6953390300745248	-1.6901460594410425	-1.7248656933031377	-1.9468324735612337	-1.44337632840206	0.5051668498408534
cur_kal_20m_20200214	KP0380_LM_WP20	4204	-1.8355636441756962	-1.8823030888114847	-1.802225726569338	-1.7665245773010403	-2.034605094368494	-1.3799658605333422	0.30404754237953213
cur_kal_20m_20200214	KP0381_AC_WP20	5628	-1.5861107553763136	-1.684902918932482	-1.510478885910261	-1.7444875077881346	-2.034605094368494	-1.219463045432753	0.5502039056600501
cur_kal_20m_20200214	KP0382_AC_WP20	510	-1.4758914461341186	-1.494015365848722	-1.4560930668776908	-1.5580293614120715	-1.8932917722790394	-1.1870399567688894	0.5910077920910096
cur_kal_20m_20200214	KP0383_AC_WP20	2485	-1.7787768760741876	-1.818384977807809	-1.7376040253527585	-1.7993210427202333	-2.0514541903344528	-1.3419168786752391	0.38430299545858193
cur_kal_20m_20200214	KP0384_AC_WP20	16269	-0.9643846016348953	-1.0287746328142706	-0.8876472532969193	-0.9960743751478557	-1.5871446615447138	-0.38892966579412946	0.5197398314312616
cur_kal_20m_20200214	KP0385_AC_WP20	7625	-0.6826868931233316	-0.7692233739615156	-0.6379664391247384	-0.8616796392178623	-1.2176937228421312	-0.5111855257574143	0.7572549503691707
cur_kal_20m_20200214	KP0386_AC_WP20	179	-0.6541661663860574	-0.6674860087300012	-0.6431325878157503	-0.7924712769459517	-1.0724362763270254	-0.5111855257574143	0.7452464152902555
cur_kal_20m_20200214	KP0387_AC_WP20	24	-0.6148066657970316	-0.6159770233754907	-0.6134543523663712	-0.7569021304412512	-1.0206699415702054	-0.5111855257574143	0.7966156827892207
cur_kal_20m_20200214	KP0388_AC_WP20	264	-0.6747361156475673	-0.6833797818685117	-0.6674392526919694	-0.7837508591032322	-1.0970524648483322	-0.5111855257574143	0.7208400423756077
cur_kal_20m_20200214	KP0389_AC_WP20	330	-0.5257280496690131	-0.5437417026294579	-0.5141539241941476	-0.7244295008671345	-0.9525262331105867	-0.5111855257574143	0.9670492123900968
cur_kal_20m_20200214	KP0390_AC_WP20	46	-0.5803489283793478	-0.586044984310343	-0.5734916875260161	-0.7219930447020676	-0.9745032665042659	-0.5111855257574143	0.8507214454804933
cur_kal_20m_20200214	KP0391_LM_WP20	20989	-1.6561424394219426	-1.7701889989777566	-1.5398014959014692	-1.7494656948247802	-2.1710820318149135	-1.0723051451633399	0.4686480018361182
cur_kal_20m_20200214	KP0392_AC_WP20	2136	-1.6696643065825487	-1.7197775992212843	-1.6276016398412072	-1.8066141681917354	-2.113738183816433	-1.3593564720333948	0.5886593886061766
cur_kal_20m_20200214	KP0393_AC_WP20	185	-1.643236514994247	-1.659653254429578	-1.6237056640519254	-1.7706619920218056	-2.063175927468887	-1.4351794724722144	0.6686971067008094
cur_kal_20m_20200214	KP0394_AC_WP20	1787	-1.577589028815605	-1.6095898034912297	-1.5528526760429187	-1.7298911702154371	-2.020886528464306	-1.3339649250854702	0.6453392897649536
cur_kal_20m_20200214	KP0395_AC_WP20	125	-1.5708232736526375	-1.5789098570132665	-1.5636121855248992	-1.6976231570300702	-1.9834383175898835	-1.40010870131805	0.7073445825952476
cur_kal_20m_20200214	KP0396_AC_WP20	204	-1.6012749178513919	-1.6108614799471996	-1.5920975650049376	-1.6961531717388605	-2.0194189633385276	-1.3578049612519583	0.6320060400300044
cur_kal_20m_20200214	KP0397_AC_WP20	303	-1.6068466016491447	-1.6270957400984112	-1.5947507402185184	-1.70561579304023	-2.026530551371294	-1.380695590872149	0.6498315752336931
cur_kal_20m_20200214	KP0399_LM_WP20	3059	-1.9744051146707038	-2.0392039316785393	-1.9074579617506169	-1.8613009528759616	-2.173255614708986	-1.5003504011186632	0.29551041665631406
cur_kal_20m_20200214	KP0400_LM_WP20	135060	-1.8092640506323436	-2.0513599355666403	-1.4856737134343183	-1.720027104115647	-2.173255614708986	-1.0269650224697875	0.31753864730374376
cur_kal_20m_20200214	KP0401_AC_WP20	1882	-1.5170917625050517	-1.5592410184234475	-1.4741752149259102	-1.5741791905451894	-1.9472876887222366	-1.0801180670807764	0.4960920164648636
cur_kal_20m_20200214	KP0402_AC_WP20	1079	-1.599595832578638	-1.6237526299002032	-1.5728634232394993	-1.6407075210660205	-1.9858245968158497	-1.1710071013937637	0.4740064694329376
cur_kal_20m_20200214	KP0403_LM_WP20	283	-1.6659770610384865	-1.683928418234442	-1.6529051462166033	-1.686286965137466	-2.004389254094058	-1.2732852682809317	0.4628783314307785
cur_kal_20m_20200214	KP0404_AC_WP20	865	-1.8426820451875903	-1.8599086670844376	-1.8227922582139557	-1.847046887217318	-2.1023643316454788	-1.6106514592081962	0.5281177309243835
cur_kal_20m_20200214	KP0405_AC_WP20	790	-1.6992102840291343	-1.7306763068298858	-1.6757602466349286	-1.8133803315599337	-2.1235878699450224	-1.3282954904297297	0.5336120360848091
cur_kal_20m_20200214	KP0450_AC_WP20	6788	-1.5869303494405034	-1.6874448522116814	-1.4816522906347012	-1.701620561522947	-2.0901864083381194	-1.0417894032936494	0.48002431948598456
cur_kal_20m_20200214	KP0451_LM_WP20	3553	-1.6043608485230445	-1.6782564287069004	-1.5390804314379738	-1.6655086895957205	-2.015523865101262	-1.1248429030487181	0.4616277141825356
cur_kal_20m_20200214	KP0454_AC_WP20	23738	-1.5226553291467646	-1.6092460353833604	-1.4517268318153596	-1.5758733412229722	-1.9149821070659003	-1.1345122699544492	0.502680256512093
cur_kal_20m_20200214	KP0455_AC_WP20	37038	-1.1146114822990105	-1.2561498093276755	-1.0119498655966315	-1.317060021236519	-1.70364319138771	-0.9505663341131129	0.7821667913424123
cur_kal_20m_20200214	KP0456_AC_WP20	6417	-1.455585011440298	-1.52773836415196	-1.3637529630599947	-1.4659221718262496	-1.9612580147218992	-1.0114928447581553	0.5324189802631999
cur_kal_20m_20200214	KP0457_AC_WP20	1133	-1.764394687644409	-1.7985960276663455	-1.7352537044637204	-1.6823533304912115	-2.090712505326561	-1.2965261545322708	0.4108831854838496
cur_kal_20m_20200214	KP0458_LM_WP20	10769	-1.7070389556537968	-1.7784004971285385	-1.6355192166572154	-1.654283335077786	-2.0558028519916447	-1.1872966645382192	0.4015675436469481
cur_kal_20m_20200214	KP0459_LM_WP20	13052	-1.7125562012100362	-1.813561776096253	-1.6150168699779852	-1.6867940297308675	-2.049016594244727	-1.219592459362135	0.40565541667330207
cur_kal_20m_20200214	KP0460_LM_WP20	19064	-1.564912276131521	-1.6582241742724175	-1.4114973524123164	-1.519170813958307	-2.021679272973317	-1.0436908831209513	0.4670474635294476
cur_kal_20m_20200214	KP0461_AC_WP20	437	-0.976077920696407	-1.0043417138324697	-0.9538930498036247	-1.0079497779820332	-1.4044125573492148	-0.6938058854722843	0.6027731705944225
cur_kal_20m_20200214	KP0462_AC_WP20	1195	-0.9768199822057165	-1.017069927183587	-0.9478703614524473	-0.975406638961122	-1.4196079447887093	-0.5600456865592435	0.5151319271451628
cur_kal_20m_20200214	KP0463_AC_WP20	1000	-0.7295363010357357	-0.7646746801644593	-0.7023576584167754	-0.7563841637787954	-1.1549843817627932	-0.33401406009934503	0.5182258962358293
cur_kal_20m_20200214	KP0464_AC_WP20	7728	-0.7304444988142388	-0.7996697753299028	-0.6507728501804441	-0.6692501656100549	-1.2091116491741816	-0.24558535510607127	0.4967868062416431
cur_kal_20m_20200214	KP0465_AC_WP20	2687	-0.6779604609327361	-0.7276750590178076	-0.6239319340516511	-0.6532774794699757	-1.1287414527982649	-0.30090285476348905	0.5445276324825246
cur_kal_20m_20200214	KP0466_AC_WP20	4057	-0.7703861832424618	-0.8297953948994692	-0.7124951958208446	-0.7267311278399816	-1.241559058491415	-0.3346772244212348	0.5195526666735403
cur_kal_20m_20200214	KP0467_AC_WP20	7400	-0.9861917135561362	-1.0404649961539458	-0.9511333048433688	-1.2085693092343177	-1.4500804585877616	-0.9505663341131129	0.9286799357665984
cur_kal_20m_20200214	KP0468_AC_WP20	1960	-1.1086672191111595	-1.1419020285149644	-1.0670290981083435	-1.2069343639847556	-1.537759031973805	-0.9505663341131129	0.7307512753921285
cur_kal_20m_20200214	KP0470_AC_WP20	24166	-1.4617960962875092	-1.637251195331039	-1.285002043838136	-1.6312678944134638	-1.9929260383090266	-1.2193736668528774	0.686611484393369
cur_kal_20m_20200214	KP0471_AC_WP20	13093	-1.7324618971326442	-1.8474381271240135	-1.6136637472872897	-1.7678036989666108	-2.0125364685506524	-1.230764816989153	0.35825623870933576
cur_kal_20m_20200214	KP0472_LM_WP20	12530	-1.8178840275064083	-1.905057596848765	-1.702688634564566	-1.8489982145257908	-2.1580046731349465	-1.255933591251585	0.37704417363477355
cur_kal_20m_20200214	KP0473_LM_WP20	102	-1.5827881918212743	-1.5959446840727252	-1.5690395956782428	-1.6421298310398647	-1.9883602893706203	-1.21544078573495	0.5247274724490842
cur_kal_20m_20200214	KP0474_AC_WP20	29	-1.5214223204945707	-1.528130058145292	-1.5146245745739686	-1.5829537146108252	-1.9083677406030337	-1.1772239188495843	0.5292329752311655
cur_kal_20m_20200214	KP0475_AC_WP20	1897	-1.764750416850291	-1.8202859304267411	-1.7218219522685474	-1.9108709900744993	-2.191228922687017	-1.5699791387049848	0.6864847551384593
cur_kal_20m_20200214	KP0476_AC_WP20	2817	-1.7070700768574556	-1.7450831355762542	-1.667330966759429	-1.8429434968964036	-2.0983267175867883	-1.4738969165220377	0.6265822676338939
cur_kal_20m_20200214	KP0477_AC_WP20	6651	-1.7347459839042219	-1.8020764470985897	-1.6756628474477717	-1.8851662252964607	-2.1911017654704446	-1.4742081450748092	0.6365739191741887
cur_kal_20m_20200214	KP0478_AC_WP20	662	-1.705278939992543	-1.7337331112039893	-1.6783260529618396	-1.8441817920362864	-2.1095061686890673	-1.4738969165220377	0.6359681318646048
cur_kal_20m_20200214	KP0479_AC_WP20	11856	-1.8694799455874114	-1.9622491630984342	-1.7681916727405202	-1.951956414215092	-2.324936406815068	-1.4738969165220377	0.535176647408963
cur_kal_20m_20200214	KP0480_AC_WP20	1888	-2.084634170147116	-2.1163244418111824	-2.0508548419148402	-2.1466202537351067	-2.435853564893847	-1.7673978862749513	0.5254191204903664
cur_kal_20m_20200214	KP0481_AC_WP20	1369	-2.1298671421473423	-2.1663857682268155	-2.100303171968324	-2.1725768769616036	-2.473314900371801	-1.7842393017076914	0.49841811100304617
cur_kal_20m_20200214	KP0482_LM_WP20	17004	-2.0721482635201833	-2.2354047553346272	-1.8992269665383485	-2.09169757066656	-2.433399338081843	-1.5123955479788787	0.39223625184134514
cur_kal_20m_20200214	KP0483_AC_WP20	1166	-1.3151904661053597	-1.3439651580743628	-1.2775018539541079	-1.290643858611264	-1.7608261501120117	-0.865858595213017	0.497935016266535
cur_kal_20m_20200214	KP0484_AC_WP20	2522	-1.6735703249373075	-1.72418985297151	-1.616273603471738	-1.5788754166844876	-2.1223665327274333	-1.1614697022786202	0.4670597233425187
cur_kal_20m_20200214	KP0485_AC_WP20	2525	-0.9962436379442853	-1.0583728883313452	-0.953618112756174	-1.1924981659004914	-1.4263639823248346	-0.9409205618412874	0.8860359956101765
cur_kal_20m_20200214	KP0486_AC_WP20	5515	-1.0436782677665	-1.1101168762484581	-0.9888538409128065	-1.2097668329295257	-1.5131586297154704	-0.9409205618412874	0.8204283991329886
cur_kal_20m_20200214	KP0487_AC_WP20	1794	-1.1210458134392804	-1.1638519943240029	-1.083339991427975	-1.2412234429608817	-1.5658513903164075	-0.9409205618412874	0.7117676974945968
cur_kal_20m_20200214	KP0488_AC_WP20	721	-1.172189788887909	-1.2042057226851701	-1.1400798775197685	-1.3368348124013012	-1.6014745665191978	-0.9409205618412874	0.6498859663118844
cur_kal_20m_20200214	KP0489_AC_WP20	461	-1.2841552789620843	-1.3021278465183774	-1.2604390230063474	-1.3573538339850237	-1.6740464906646149	-1.037398950993809	0.6124129717113702
cur_kal_20m_20200214	KP0490_AC_WP20	856	-1.3450724396937734	-1.3687824676399105	-1.321016475085866	-1.452407111652745	-1.7638958043252415	-1.13692756065782	0.6680136814929897
cur_kal_20m_20200214	KP0491_AC_WP20	553	-1.4080241987946172	-1.4356149106784237	-1.3852898776346385	-1.5080273819987757	-1.810034355209143	-1.2090420390225185	0.6689106425941238
cur_kal_20m_20200214	KP0492_AC_WP20	12250	-1.3594421860234511	-1.4494855769020192	-1.2749465429775293	-1.5067387310788318	-1.8551656273670807	-0.9847255850667441	0.569509003783382
cur_kal_20m_20200214	KP0493_AC_WP20	412	-1.339069083898075	-1.3586528495323817	-1.325534768027036	-1.5162967076911458	-1.7592017616101232	-1.2326570803084032	0.7979050831420406
cur_kal_20m_20200214	KP0494_AC_WP20	9183	-1.5265468985535398	-1.598996959133232	-1.4663796885980054	-1.5641326838465899	-1.780614902769041	-1.2021338552894576	0.4391984928848826
cur_kal_20m_20200214	KP0495_AC_WP20	990	-1.4740459949591551	-1.505396522323965	-1.4515753848658024	-1.5292083155627043	-1.756586054272746	-1.1350835052447996	0.4546080458648067
cur_kal_20m_20200214	KP0499_AC_WP20	1102	-1.2690342813007471	-1.303763051049681	-1.240767746058311	-1.441982628082202	-1.7107095917484267	-1.167943674225093	0.8137491618174272
cur_kal_20m_20200214	KP0500_AC_WP20	24	-1.3017083673208951	-1.3063687909343469	-1.2964961933527106	-1.4533495705541808	-1.7074156485172254	-1.1774046668569251	0.7654695756027939
cur_kal_20m_20200214	KP0501_AC_WP20	1787	-1.2751567684665208	-1.3104322077491695	-1.242963019142417	-1.4275681443501067	-1.7102510668216075	-1.1505415560793224	0.7773573434156335
cur_kal_20m_20200214	KP0502_AC_WP20	2262	-1.298483580517804	-1.3389560178422983	-1.2610274973041042	-1.4421987705579278	-1.7238004474673994	-1.1505415560793224	0.7419280770678358
cur_kal_20m_20200214	KP0503_AC_WP20	2016	-1.2635357965103755	-1.308520767570246	-1.2331516956158928	-1.4351448330327252	-1.7296157300664212	-1.1505415560793224	0.8048708688680519
cur_kal_20m_20200214	KP0504_AC_WP20	1508	-1.2091806781260193	-1.246484013900966	-1.178894701961946	-1.3996688586187775	-1.6376637305999546	-1.1505415560793224	0.8796213247643622
cur_kal_20m_20200214	KP0505_AC_WP20	15076	-1.289242964499199	-1.4464152212173464	-1.1705438047410563	-1.467417978703118	-1.7724761088797376	-0.9901463068609996	0.6176846940172739
cur_kal_20m_20200214	KP0506_AC_WP20	2342	-1.2228899589642905	-1.263634107529506	-1.1688259470757498	-1.3876711952215142	-1.664355755346647	-1.0915938449384894	0.7707666804654699
cur_kal_20m_20200214	KP0507_AC_WP20	1939	-1.2299324912864922	-1.2791905517371789	-1.1828957405165665	-1.4096210116343406	-1.679356547899746	-1.1181579159733475	0.8008288528262058
cur_kal_20m_20200214	KP0508_AC_WP20	2375	-1.4699488384697228	-1.5161911060759639	-1.4282108513450607	-1.541516511704739	-1.891026805518613	-1.1505415560793224	0.5686513909193173
cur_kal_20m_20200214	KP0509_AC_WP20	411	-1.0513658117470024	-1.069240298048427	-1.0398808749340074	-1.2714250435037793	-1.4555786628645184	-1.0392896879056444	0.9709910072863422
cur_kal_20m_20200214	KP0510_AC_WP20	553	-1.111460684565105	-1.1276405310108633	-1.0972099486523947	-1.2951646357742754	-1.5175020610564183	-1.0392896879056444	0.8490817036289732
cur_kal_20m_20200214	KP0511_AC_WP20	390	-1.052451880710408	-1.0692832958297662	-1.0406825990912043	-1.2762433772660307	-1.4555786628645184	-1.0392896879056444	0.9683820768828578
cur_kal_20m_20200214	KP0512_AC_WP20	731	-1.0819292668760863	-1.1050980700650332	-1.0625218178580926	-1.2979493501401413	-1.505830705240372	-1.0392896879056444	0.9086048656256747
cur_kal_20m_20200214	KP0513_AC_WP20	92	-1.2157367496432498	-1.2247801576062851	-1.2090896653938907	-1.323488693306153	-1.611075860698047	-1.0392896879056444	0.6914107578434434
cur_kal_20m_20200214	KP0514_AC_WP20	1770	-1.3729189575828824	-1.4059023663366603	-1.326972889096012	-1.3774784777984126	-1.8082213404081124	-1.0392896879056444	0.5661132317918631
cur_kal_20m_20200214	KP0515_AC_WP20	2625	-1.5537018206757118	-1.6159181596111258	-1.4946539310204856	-1.511385132380828	-1.886802574872781	-1.0851275787218242	0.4155059791017178
cur_kal_20m_20200214	KP0516_AC_WP20	1033	-1.27785181380319	-1.306279445231893	-1.2544736011800386	-1.3363038504830531	-1.706664409307545	-1.0392896879056444	0.6425364667747419
cur_kal_20m_20200214	KP0517_AC_WP20	431	-1.3236341368744777	-1.3508542411047646	-1.2961976447875216	-1.3379254817344857	-1.74973171347191	-1.0392896879056444	0.5997640359997094
cur_kal_20m_20200214	KP0518_LM_WP20	851	-1.3090322439722757	-1.3487950117928282	-1.278404873839036	-1.3273977607532876	-1.7111313918209605	-1.0382969042701164	0.59761970482867
cur_kal_20m_20200214	KP0519_AC_WP20	219	-1.1226987247363511	-1.1357305774684807	-1.110541094677454	-1.2272477535145554	-1.5360298036433322	-0.9708063677023739	0.7312702422164896
cur_kal_20m_20200214	KP0520_AC_WP20	62	-1.055637621262468	-1.0614267694721284	-1.0497328238040198	-1.2185096652719614	-1.4559305366589192	-0.9708063677023739	0.8251349675227316
cur_kal_20m_20200214	KP0521_AC_WP20	4113	-1.1439860331293115	-1.2125449921794327	-1.0920550054097478	-1.2586931936826449	-1.6126394866035232	-0.9708063677023739	0.7301796053724527
cur_kal_20m_20200214	KP0522_AC_WP20	7266	-1.057771106749554	-1.1418255891426303	-1.0071660974288794	-1.222862494829731	-1.5411530707625465	-0.9180338885646954	0.7757456002365696
cur_kal_20m_20200214	KP0523_AC_WP20	3390	-1.216069157600806	-1.2596890086423456	-1.173857358853726	-1.2490756554600857	-1.6334738731961913	-0.9030978501994482	0.5714929056443664
cur_kal_20m_20200214	KP0524_AC_WP20	1911	-1.1062947850934135	-1.1551047447793321	-1.0578604750830172	-1.1997870422912749	-1.5293142646577718	-0.8788707250958792	0.6503554172423386
cur_kal_20m_20200214	KP0525_AC_WP20	2505	-1.116311995219985	-1.1703555462761703	-1.0781543104963862	-1.215698723467838	-1.5859219441514316	-0.8788707250958792	0.6641809479640397
cur_kal_20m_20200214	KP0526_AC_WP20	4234	-0.9854568220788802	-1.0515538468724341	-0.9297822596202456	-1.1606161342090762	-1.42164007175801	-0.8114114804968203	0.7147866486846319
cur_kal_20m_20200214	KP0527_LM_WP20	12735	-1.2953666378376458	-1.3673374330398005	-1.1919371492787616	-1.322570879445302	-1.8260804437761409	-0.9217223792694655	0.5868403531382206
cur_kal_20m_20200214	KP0528_AC_WP20	4779	-1.1311688409058138	-1.2119192887576513	-1.058111667754556	-1.27243542146466	-1.5688834625538186	-0.9343148023673157	0.6897829172959129
cur_kal_20m_20200214	KP0529_LM_WP20	344	-1.7114764716112294	-1.7511409925081005	-1.693093224058866	-1.6072378105019274	-1.9052183044300104	-1.323504043195495	0.33305326296732285
cur_kal_20m_20200214	KP0530_AC_WP20	431	-1.111613543129759	-1.1340314411676269	-1.0936357062812867	-1.2428536089922444	-1.5065708337911583	-0.9319319476523699	0.6873138943228568
cur_kal_20m_20200214	KP0531_AC_WP20	733	-0.963076425507792	-0.9876695864033329	-0.9370972798483723	-1.1159496201755081	-1.3587342135929947	-0.7826399781648548	0.6867935204926308
cur_kal_20m_20200214	KP0532_AC_WP20	11712	-0.9679178941750133	-1.066940302952372	-0.879495509811428	-1.1272247422238928	-1.42164007175801	-0.7766489580406508	0.7034549281896336
cur_kal_20m_20200214	KP0533_AC_WP20	195	-0.9211405191984333	-0.9347148050690479	-0.9084718924546344	-0.9738611590901527	-1.2801628872307516	-0.6294830652492698	0.5517650246768155
cur_kal_20m_20200214	KP0534_AC_WP20	1857	-0.8465089209435309	-0.8866240436056446	-0.8137580226834754	-0.9143390920432654	-1.3040236346934677	-0.565158341162794	0.6192126193445886
cur_kal_20m_20200214	KP0535_AC_WP20	4671	-1.0049034017323395	-1.0463030778531013	-0.9533223242009353	-1.0027746358927359	-1.4561375069088203	-0.6065686779692991	0.5311330757505971
cur_kal_20m_20200214	KP0536_AC_WP20	8593	-1.1377573343041696	-1.204652371610501	-1.0874430214512913	-1.2370342771740612	-1.6796728415810822	-0.8405884276161466	0.6458414651229103
cur_kal_20m_20200214	KP0537_AC_WP20	428	-1.1811450809516948	-1.200972555880047	-1.161378227687932	-1.1983034289093464	-1.5894274508356554	-0.8552435684663628	0.5561036951211572
cur_kal_20m_20200214	KP0538_AC_WP20	5478	-0.9818283032947716	-1.0404405703627018	-0.9303645449819913	-1.0857052849360944	-1.4361148121912846	-0.6177104442279723	0.5550880795358584
cur_kal_20m_20200214	KP0539_AC_WP20	2080	-0.7222210418268156	-0.7719160429052739	-0.6808630758675787	-0.899787572035516	-1.1730677315877358	-0.578320846849913	0.7580480055135776
cur_kal_20m_20200214	KP0540_AC_WP20	57	-0.857413032991776	-0.8621699721391435	-0.8522349504820879	-0.9722045407677263	-1.2631525543782034	-0.6805440219918125	0.696418776643212
cur_kal_20m_20200214	KP0541_AC_WP20	25	-0.7688486197879133	-0.7741822003125641	-0.7661652156095531	-0.9277274818967255	-1.176949796421413	-0.643451590450663	0.7649532314563671
cur_kal_20m_20200214	KP0542_LM_WP20	39239	-1.4003881541439402	-1.5442658040546413	-1.2393632121587705	-1.3395263296447268	-2.0257889458272	-0.8125962629680695	0.5154999700537083
cur_kal_20m_20200214	KP0543_AC_WP20_d	893	-1.3293959322266962	-1.3566829191652674	-1.2951530310843096	-1.3332318824050962	-1.7650825736822902	-1.0189910739506793	0.583958725722411
cur_kal_20m_20200214	KP0544_AC_WP20	3897	-1.394319698906997	-1.4227237367501508	-1.3629208336762566	-1.3627171244041072	-1.86140460004943	-0.9588474887947408	0.5175128480159169
cur_kal_20m_20200214	KP0545_AC_WP20	6608	-1.29503498220018	-1.3547328145633202	-1.2167414816276778	-1.2993455319771035	-1.7984322561829766	-0.895569276356221	0.5575566672136564
cur_kal_20m_20200214	KP0547_LM_WP20	7741	-1.3133608181699525	-1.4048858622001636	-1.2258277319032824	-1.334716732855832	-1.8233238928505988	-0.8942618134957819	0.548900967989984
cur_kal_20m_20200214	KP0548_LM_WP20	26249	-1.5744854666460626	-1.624613376760867	-1.5018240213758975	-1.4531760679299588	-2.211031712698831	-0.9824032648610505	0.518094992162198
cur_kal_20m_20200214	KP0549_AC_WP20	1968	-1.3328764590189266	-1.370816110845002	-1.284128501000673	-1.2671012878056203	-1.7461121979233456	-0.8858005667188773	0.4803326189207434
cur_kal_20m_20200214	KP0549_AC_WP20_2	715	-1.3781226804624052	-1.403044000967178	-1.364441625098459	-1.4386352812465988	-1.7988383619305124	-0.9815818704703784	0.5147902596851136
cur_kal_20m_20200214	KP0550_LM_WP20	3781	-1.6564677863082087	-1.7083981488740962	-1.6055333413571977	-1.5309364939011962	-1.9655737421369734	-1.1946872529738368	0.400974670297213
cur_kal_20m_20200214	KP0551_LM_WP20	4253	-1.7247801616247982	-1.7425003508286117	-1.6902606720291986	-1.6228313677276114	-2.095853183089266	-1.2120943129452724	0.4198803927184433
cur_kal_20m_20200214	KP0552_AC_WP20	4589	-1.3475136924435989	-1.42799467231608	-1.2705108552780242	-1.488320732965562	-1.8199590700784962	-1.0379092693564411	0.6041116271606942
cur_kal_20m_20200214	KP0553_AC_WP20	2278	-1.3304209404053384	-1.3802214777938338	-1.281506076152559	-1.4080252997572758	-1.813929994294873	-1.0392896879056444	0.6241723415391051
cur_kal_20m_20200214	KP0554_AC_WP20	8799	-1.5522121137654588	-1.6487879565472134	-1.446573968953484	-1.6797147941260926	-2.0147223978260347	-1.3195790823364142	0.6653452227111027
cur_kal_20m_20200214	KP0555_AC_WP20	36062	-1.3924850761187786	-1.5369121568953146	-1.287914866568093	-1.5165742705289962	-2.001043669277981	-1.1201775378886625	0.6908638798489987
cur_kal_20m_20200214	KP0556_AC_WP20	13260	-1.2082528311242648	-1.280819223231517	-1.1321078695676656	-1.3929936369770577	-1.641655657044645	-1.1201775378886625	0.8311045276872727
cur_kal_20m_20200214	KP0557_AC_WP20	4962	-1.8745198202404962	-1.9116578151744401	-1.84277289586237	-1.7684311271313204	-2.219290434767203	-1.3533672017626255	0.3981537870631129
cur_kal_20m_20200214	KP0558_LM_WP20	20765	-1.8961774320836973	-2.045392612671364	-1.7752182680265944	-1.8999660592707461	-2.394791531643735	-1.3056395300528911	0.45780028759231856
cur_kal_20m_20200214	KP0559_AC_WP20	3201	-1.8654527208535445	-1.9028696587063743	-1.8301467612599758	-1.8407180274569268	-2.2815431684900513	-1.3755549600622377	0.4592669570816601
cur_kal_20m_20200214	KP0560_AC_WP20	2480	-1.8447311436389375	-1.892379828198341	-1.7980039390860785	-1.8730259531828743	-2.2815431684900513	-1.400478783683765	0.4957776439313828
cur_kal_20m_20200214	KP0561_AC_WP20	823	-0.6492653979092475	-0.6640503235781946	-0.6305442480713894	-0.7776739807869048	-1.0920740222832708	-0.30620684648376495	0.5634649696668266
cur_kal_20m_20200214	KP0562_LM_WP20	34860	-0.7433124599780778	-0.9264989251124811	-0.5397201003089728	-0.7646983464510317	-1.282595337834418	-0.23864325984495913	0.5165781928371097
cur_kal_20m_20200214	KP0563_AC_WP20	163	-0.6183832941905671	-0.6304490192578474	-0.6115041363926731	-0.6622708132333932	-1.0299556307935556	-0.29628021389192183	0.5609733229731061
cur_kal_20m_20200214	KP0564_LM_WP20	487	-0.6986499163110672	-0.7163312469123924	-0.673312767454732	-0.7361674031536798	-1.063647944660076	-0.30620684648376495	0.48188305232949935
cur_kal_20m_20200214	KP0565_AC_WP20	43	-1.079343273490239	-1.0871390244604993	-1.0701540269543273	-1.1004912618072809	-1.443156001360097	-0.66948541269465	0.4702424173800136
cur_kal_20m_20200214	KP0566_LM_WP20	37664	-0.802981630824987	-0.9360377638606023	-0.6285716857129252	-0.782976476586948	-1.2482791176244334	-0.2249238104671572	0.4351347803495684
cur_kal_20m_20200214	KP0567_LM_WP20	9287	-0.8140347162706467	-0.8705680198458415	-0.7365792216608301	-0.8483285795476342	-1.263842901678711	-0.3259068243404731	0.47957232510404296
cur_kal_20m_20200214	KP0568_AC_WP20	833	-0.9987494739656981	-1.0228320410768026	-0.9755697396544921	-1.0476121315341398	-1.4291408398536232	-0.6529795359858109	0.5545127845760588
cur_kal_20m_20200214	KP0569_AC_WP20	3519	-1.0714970816488572	-1.1159351162519124	-1.049919829687875	-1.1317220336606753	-1.5166171732192155	-0.7171269750216953	0.5567549077823566
cur_kal_20m_20200214	KP0570_LM_WP20	8928	-1.3069923392747478	-1.40937373099155	-1.2560116749691823	-1.2022755498456217	-1.612749392471784	-0.8239362263273726	0.38761656919537263
cur_kal_20m_20200214	KP0571_AC_WP20	680	-0.8176114573470992	-0.8526711826861758	-0.7890952810862407	-1.0331923709219233	-1.2529176505567972	-0.7454047898831843	0.857724457724921
cur_kal_20m_20200214	KP0572_AC_WP20	1432	-1.4518308630524897	-1.490540464858476	-1.42591360726052	-1.5199430550478985	-1.864125481873731	-1.1853749468212291	0.6074317404248529
cur_kal_20m_20200214	KP0573_LM_WP20	85	-1.5314083294540417	-1.5342353040295424	-1.5277355892741908	-1.5638350545823603	-1.8857898139802964	-1.302454415333446	0.6075089654224743
cur_kal_20m_20200214	KP0574_AC_WP20	1061	-1.6008868723604381	-1.6387701412713294	-1.5725192041942686	-1.6483936446274718	-1.9713135851972283	-1.3422734780643708	0.5888761442019683
cur_kal_20m_20200214	KP0575_AC_WP20	7009	-1.5628494152506802	-1.662875611912547	-1.5114928960847573	-1.6924280269732752	-2.040683486532118	-1.2433578637031248	0.5992960185902888
cur_kal_20m_20200214	KP0576_AC_WP20	7	-1.577853490570132	-1.5792267065297303	-1.576419367331725	-1.5982367348031574	-1.9682092701377274	-1.2468990641513995	0.541176010443133
cur_kal_20m_20200214	KP0577_AC_WP20	3386	-1.4815429721786413	-1.528558527887304	-1.4468506515626154	-1.5991271260011324	-1.903003787026638	-1.157171021927992	0.5650875565814719
cur_kal_20m_20200214	KP0578_AC_WP20	897	-1.5290978294900344	-1.5693800038701635	-1.5052394769536943	-1.5921535528150674	-1.903003787026638	-1.1854870131391624	0.521111103104666
cur_kal_20m_20200214	KP0579_AC_WP20	1249	-1.6404064653225612	-1.6755782924965639	-1.6065068791068058	-1.6160142582024926	-2.0154410099408313	-1.2573246491336736	0.49469258811269445
cur_kal_20m_20200214	KP0580_AC_WP20	2729	-1.5556406457768452	-1.5920006290979087	-1.5066544234883235	-1.5376262569847121	-1.8889539383696157	-1.0997164782044797	0.42232320361862913
cur_kal_20m_20200214	KP0581_AC_WP20	631	-1.7199084338135002	-1.7384441103911756	-1.6984868509713233	-1.6054318357847652	-2.0154410099408313	-1.2829163933334038	0.40344388355990507
cur_kal_20m_20200214	KP0582_AC_WP20	33	-1.2121271779977896	-1.216387857509611	-1.2087504292203248	-1.3436066294517612	-1.610679647216352	-1.1715878403635365	0.9076745751080663
cur_kal_20m_20200214	KP0583_LM_WP20	7319	-1.5948361606744257	-1.7200718384714537	-1.4648070507376758	-1.591123769783429	-2.086371688618616	-1.1715878403635365	0.5373242311632178
cur_kal_20m_20200214	KP0584_AC_WP20	1645	-1.766699554465137	-1.8017509094657138	-1.7425925820824013	-1.7311285791319757	-2.215461703321857	-1.3401862365545947	0.5127096164527218
cur_kal_20m_20200214	KP0585_LM_WP20	7695	-1.5849144797649073	-1.6688804203408802	-1.524812087923576	-1.7264620597777303	-2.0592394990687786	-1.3846018609292974	0.7030811690435284
cur_kal_20m_20200214	KP0586_LM_WP20	7737	-1.9323080980906546	-2.003341699997488	-1.8944260010177385	-1.92211330621044	-2.330586060516841	-1.5926565381503293	0.539723578410204
cur_kal_20m_20200214	KP0588_LM_WP20	14387	-0.9607805566742031	-1.0679350888551498	-0.819424366069621	-0.875223103245147	-1.5162253233077556	-0.48548255022967085	0.5388781577142082
cur_kal_20m_20200214	KP0589_AC_WP20	18951	-0.5001648172401486	-0.6029871679261934	-0.3671514380184192	-0.6166788955819823	-1.0148944218699902	-0.3307835640234416	0.7524067170196843
cur_kal_20m_20200214	KP0590_AC_WP20	861	-0.3972735638802477	-0.4288238908073595	-0.3801371670467152	-0.47640811237595754	-0.8313836051679102	-0.23864325984495913	0.7323780888428308
cur_kal_20m_20200214	KP0591_AC_WP20	274	-0.526008183204806	-0.5532360349040011	-0.5053790717806591	-0.516528452769438	-0.9374147594040574	-0.23864325984495913	0.5887569491011516
