plot_name	sample_name	colony_points	colony_elevation	colony_rugosity	overhang_prop	outcrop_prop	environment_rugosity	colony_range	environment_range
cur_kal_20m_20200214	KP0287_LM_WP20	8402	112.5977193071814	1	0.5668604812939129	0.4039265127730469	2.092255246075554	0.16147725955473008	0.5614772595547302
cur_kal_20m_20200214	KP0288_LM_WP20	17958	44.637015041537204	1.4860675154397505	0.6561736127921082	0.45754040963499487	2.0980381682273874	0.192994662790927	0.592994662790927
cur_kal_20m_20200214	KP0289_AC_WP20	3128	24.1235795558291	1.5389014756947295	0.07722849194156947	0.4442730297058468	2.169573543918062	0.08524912600603311	0.48524912600603315
cur_kal_20m_20200214	KP0290_LM_WP20	4281	22.61282745502433	1.175680959732842	0.0	0.4916906705927614	1.7951764892386242	0.10155993608591661	0.5015599360859166
cur_kal_20m_20200214	KP0291_AC_WP20	537	77.94505739058202	1.2378366904166564	0.9476087137287726	0.45743583010502115	2.2258726279484624	0.036430247614287356	0.4364302476142874
cur_kal_20m_20200214	KP0292_AC_WP20	1010	106.70147798490734	2.2615875380633823	0.0	0.7639272367344383	1.5310653936277057	0.04202647520511897	0.442026475205119
cur_kal_20m_20200214	KP0293_LM_WP20	25133	121.85377160337686	1.2020168828985862	0.011748961862884261	0.4602737688728762	1.8313977609571221	0.20136521812451338	0.6013652181245134
cur_kal_20m_20200214	KP0294_AC_WP20	1848	81.03190859338949	1.0579241767578622	0.6324293903451528	0.4822508449029503	2.354745899978749	0.07209266209383945	0.4720926620938395
cur_kal_20m_20200214	KP0295_AC_WP20	12045	40.75721213814693	1.3762442756755635	0.019535673478900548	0.6517454665069721	1.9136789331075377	0.1392516310961565	0.5392516310961565
cur_kal_20m_20200214	KP0296_AC_WP20	429	38.84157047242335	1.811038505601521	0.0	0.5179651421415262	1.6616461107515548	0.027384867470405846	0.4273848674704059
cur_kal_20m_20200214	KP0297_AC_WP20	405	60.33710297667689	1.3379896812217982	0.0027900337171963313	0.5016430812214907	1.8077595810821103	0.034853831416438025	0.4348538314164381
cur_kal_20m_20200214	KP0298_AC_WP20	1031	20.223230069203602	1.017542833376456	0.11541544659530344	0.36966750345632315	2.412005917331449	0.05438946773930315	0.45438946773930317
cur_kal_20m_20200214	KP0299_AC_WP20	905	64.64652493533404	1.328779971639459	0.0	0.492723038880905	1.937428453077598	0.03908459568824089	0.43908459568824093
cur_kal_20m_20200214	KP0300_AC_WP20	1254	92.86374432765346	1.157353766750959	0.25537606498383736	0.5273100034286149	2.3289165042859947	0.040144847531793315	0.44014484753179334
cur_kal_20m_20200214	KP0301_AC_WP20	408	64.74759167382636	1.462199568327728	0.0	0.4345359205298417	2.269343954098141	0.034438941741519555	0.4344389417415196
cur_kal_20m_20200214	KP0302_AC_WP20	374	38.08568899919589	1	0.31227109986515406	0.3385837264505744	2.4317791559433193	0.027537488195492853	0.42753748819549287
cur_kal_20m_20200214	KP0303_AC_WP20	1887	105.78510247747816	1.3989839754190312	0.0	0.458557641692052	2.418071012113683	0.057614196418462646	0.4576141964184627
cur_kal_20m_20200214	KP0304_AC_WP20	10534	91.75725909156296	1.0372127417422974	0.0	0.40903872292954696	2.290618374611713	0.11715713901891044	0.5171571390189105
cur_kal_20m_20200214	KP0305_AC_WP20	3807	86.80588963746501	1.5119955091499193	0.0	0.8424119615205712	1.814662354444153	0.09084180210253433	0.49084180210253436
cur_kal_20m_20200214	KP0306_LM_WP20	2937	26.329155341096357	1.0670863048466743	0.21973827899307763	0.4506742861798702	1.4646598406374842	0.09256407413984351	0.49256407413984354
cur_kal_20m_20200214	KP0309_AC_WP20	2042	85.3748418960978	1.2048714810087193	0.23629577890560474	0.6379437492232622	2.3623403887260386	0.07435244610333692	0.47435244610333693
cur_kal_20m_20200214	KP0310_AC_WP20	10787	70.7955880098229	1.5228445914105577	0.0	0.8326629178388596	2.224675114792802	0.14546626213885663	0.5454662621388566
cur_kal_20m_20200214	KP0311_AC_WP20	504	40.819971436403115	1.235726175016706	0.0	0.7463145726841915	2.5268603641138188	0.03637561405868192	0.43637561405868197
cur_kal_20m_20200214	KP0312_AC_WP20	359	104.58473325055895	1.7281291054079384	0.0	0.779479543042236	2.5756115243728726	0.03247620564639649	0.4324762056463965
cur_kal_20m_20200214	KP0313_AC_WP20	1515	97.02272625515236	1	0.0	0.7713947477062785	2.0949231448752217	0.06039152080030858	0.4603915208003086
cur_kal_20m_20200214	KP0315_AC_WP20	1467	69.84798993387871	1.764925343105604	0.0	0.6161326356319924	2.274784610371268	0.04802366110701803	0.4480236611070181
cur_kal_20m_20200214	KP0316_AC_WP20	111	33.61434578513179	1.219171055977497	0.0	0.5648897446656022	2.2800798874387214	0.016541622261815936	0.41654162226181596
cur_kal_20m_20200214	KP0317_AC_WP20	269	117.156674183392	1.6725070004531768	0.015438125737283797	0.4962986792491606	2.369236614786746	0.02874008098173182	0.42874008098173183
cur_kal_20m_20200214	KP0318_LM_WP20	661	49.05152710412267	1.1869264205994738	0.008010956350155985	0.4133368521076299	1.7575212819303796	0.040168077103460494	0.4401680771034605
cur_kal_20m_20200214	KP0319_LM_WP20	3417	51.7493703140257	1	0.9515950429088813	0.21932976305716312	1.5900859822425013	0.08220772297508175	0.48220772297508174
cur_kal_20m_20200214	KP0320_LM_WP20	7582	24.633493440056245	1	0.9504744724089214	0.1751189521149116	1.77433359243522	0.1459112204097564	0.5459112204097565
cur_kal_20m_20200214	KP0321_LM_WP20	938	53.8225289197945	1.1063760773489533	0.07358972233316032	0.5376802697163994	2.0478138165282496	0.04895177873303656	0.4489517787330366
cur_kal_20m_20200214	KP0322_LM_WP20	40636	28.415633491837195	1.1582464914052624	0.808197557451913	0.39671532371137425	2.058432780970671	0.3017741824056376	0.7017741824056376
cur_kal_20m_20200214	KP0323_AC_WP20	51	98.69828158968879	1.1637691345726981	0.0	0.8420970523866	2.485473121748812	0.01507131939144032	0.4150713193914403
cur_kal_20m_20200214	KP0324_AC_WP20	4196	76.57233734309516	1.255278909834621	0.0	0.760877654740923	2.4218534951221793	0.08469531546853999	0.48469531546854
cur_kal_20m_20200214	KP0325_AC_WP20	1526	58.44606271361918	1.1567549686329939	0.00721370939830319	0.6261620771236183	2.313278735726816	0.047099767902414505	0.4470997679024145
cur_kal_20m_20200214	KP0326_AC_WP20	2733	45.49401274150969	1	0.0	0.7162987709714048	2.036874595312002	0.07099122368460108	0.4709912236846011
cur_kal_20m_20200214	KP0327_AC_WP20	4668	76.18318495671018	1.5139783689646042	0.47529150383617597	0.5803571542858461	2.4298229289502626	0.09619156281685823	0.4961915628168583
cur_kal_20m_20200214	KP0328_LM_WP20	2580	40.23224268963906	1.095131602234387	0.03490523112951552	0.5268448645714673	2.2634921251402376	0.06576529454827712	0.46576529454827714
cur_kal_20m_20200214	KP0329_AC_WP20	5517	51.457391056884845	1.1266524975817092	0.09508282074355298	0.5558794861682006	2.215672024151246	0.0967450335564861	0.49674503355648614
cur_kal_20m_20200214	KP0330_LM_WP20	10801	23.618246162016153	1.3040159781888778	0.029187110874650726	0.5925204599418638	2.1066033853573716	0.12904861259745562	0.5290486125974556
cur_kal_20m_20200214	KP0331_AC_WP20	3887	15.416561805055629	1	0.2847932336883776	0.5283456917026988	1.9917592970793745	0.08422570942549983	0.48422570942549986
cur_kal_20m_20200214	KP0332_AC_WP20	3836	77.12319564201066	1.389259981858442	0.0	0.6571221629313472	2.0622804447527194	0.06850610509671318	0.4685061050967132
cur_kal_20m_20200214	KP0333_AC_WP20	269	55.161254663286606	1.6205533851521507	0.0	0.6614575781518152	1.985842950454129	0.02477408752153917	0.42477408752153917
cur_kal_20m_20200214	KP0334_AC_WP20	2638	91.13014499921991	1.0823198582660323	0.5913142100100152	0.6019578884289395	1.7255496812670412	0.05993230667364257	0.4599323066736426
cur_kal_20m_20200214	KP0335_AC_WP20	692	78.69918658633381	2.130230245401377	0.0	0.8413350037383331	1.6303632572350426	0.04331115427297519	0.4433111542729752
cur_kal_20m_20200214	KP0336_AC_WP20	1282	20.823801158498636	1.3661758952163578	0.0	0.8431196140628333	1.7838702773716262	0.04881662476684599	0.44881662476684603
cur_kal_20m_20200214	KP0337_AC_WP20	1317	121.9574265875006	1.3598002886321856	0.0	0.8200616921703765	1.8619965132951097	0.04353748828083483	0.44353748828083484
cur_kal_20m_20200214	KP0338_AC_WP20	6595	80.47388860856945	1.4379284161504544	0.0	0.7671501839587748	1.7569215796033715	0.15669648186022286	0.5566964818602229
cur_kal_20m_20200214	KP0339_AC_WP20	339	74.23748356041185	1.6174494922966773	0.2061057491192438	0.5420868055049607	2.0178789157001686	0.026908544645715883	0.4269085446457159
cur_kal_20m_20200214	KP0340_AC_WP20	7433	31.35966150624575	1.240744743430302	0.04653967072727669	0.5705771485487271	1.9911581635040814	0.15745578916643277	0.5574557891664328
cur_kal_20m_20200214	KP0341_LM_WP20	5321	64.9870433483492	1	0.7159162027922165	0.38255805086298794	1.6909510544908761	0.11410081680947078	0.5141008168094708
cur_kal_20m_20200214	KP0342_LM_WP20	24461	73.80220253363551	1.079973715710468	0.31358994209245983	0.4056950677603306	2.0823550834516764	0.23916294623383652	0.6391629462338365
cur_kal_20m_20200214	KP0343_LM_WP20	5373	34.181278120744814	1.1917442083960352	0.3345949590293835	0.40482824202564216	1.9392420316746377	0.10826188923110718	0.5082618892311072
cur_kal_20m_20200214	KP0344_LM_WP20	48265	38.99785352851701	1.2703369451296123	0.006311363565578277	0.5677711037362343	1.869252616529185	0.2704929475367899	0.6704929475367899
cur_kal_20m_20200214	KP0345_LM_WP20	23718	83.94643597207705	1.5512466014827917	0.002555974498484786	0.375983424311564	2.128496087198858	0.19909318845281646	0.5990931884528164
cur_kal_20m_20200214	KP0346_AC_WP20	2434	128.13842913918657	2.1233006394835767	0.00034777501556967335	0.5037477206524861	1.8423251893465518	0.06867113564796223	0.46867113564796226
cur_kal_20m_20200214	KP0347_AC_WP20	5399	51.42996509850129	1.0442424316043333	0.024030755523170657	0.5752190774277507	1.6723041712063362	0.12501959775651758	0.5250195977565176
cur_kal_20m_20200214	KP0348_LM_WP20	29970	60.40219252325744	1.2652625726277908	0.07344357481114615	0.49434025692279604	1.812484910838447	0.23662815988653538	0.6366281598865354
cur_kal_20m_20200214	KP0349_LM_WP20	48636	37.194396934389545	1.4318505522335445	0.009248393471975673	0.501168719868005	1.972222214448334	0.27302625354644294	0.673026253546443
cur_kal_20m_20200214	KP0350_LM_WP20	90064	55.80590355615678	1.218998342495929	0.162408041568416	0.38554862718404864	1.91424871689436	0.3826301622501167	0.7826301622501167
cur_kal_20m_20200214	KP0351_AC_WP20	2322	87.45314398010287	2.3508120307159714	0.0	0.6421301547016867	2.2221988686118177	0.07128402457920734	0.4712840245792074
cur_kal_20m_20200214	KP0352_AC_WP20	10435	87.4370012864824	2.0696420380247713	0.0	0.6504115967432363	2.3262870704842658	0.11104871037803402	0.511048710378034
cur_kal_20m_20200214	KP0353_AC_WP20	9399	81.37768002311714	2.130075597232111	0.0	0.5580777392482275	2.212901435941233	0.14207936824201306	0.5420793682420131
cur_kal_20m_20200214	KP0354_AC_WP20	365	36.990207015908965	1.3879353084761936	0.32838584991290465	0.5730851186677128	2.408705128031182	0.030967317088107578	0.4309673170881076
cur_kal_20m_20200214	KP0355_AC_WP20	3307	103.7445153405055	1.4295177500249203	0.0014013825986245348	0.8273536519809923	2.2395542146236274	0.07311893181847053	0.47311893181847053
cur_kal_20m_20200214	KP0356_AC_WP20	7438	105.32523266574337	2.026033415565348	0.0	0.7041946539552412	2.1983907269198064	0.11949222045416083	0.5194922204541609
cur_kal_20m_20200214	KP0357_AC_WP20	2670	57.662198519407106	1.1154470850305462	0.0	0.6860523755697389	2.240650292352418	0.08306279576734878	0.4830627957673488
cur_kal_20m_20200214	KP0358_AC_WP20	43177	35.28294356178178	1.5231970970252862	0.0014438530999716988	0.6119777665203979	2.4011133508923663	0.23254477865119394	0.632544778651194
cur_kal_20m_20200214	KP0359_AC_WP20	1053	56.257899964228315	1.6806654356013995	0.0	0.6119789546188079	2.6612341881871746	0.05513648504269173	0.4551364850426918
cur_kal_20m_20200214	KP0360_AC_WP20	953	106.7288559060183	1.9979475477085609	0.0	0.6530389736283296	2.727863955063656	0.05629506345351666	0.45629506345351667
cur_kal_20m_20200214	KP0361_AC_WP20	919	83.62951200573804	1.9110237460801651	3.9808928230439556e-05	0.6374019549477178	2.626258311303161	0.048960426684487204	0.4489604266844872
cur_kal_20m_20200214	KP0362_AC_WP20	847	75.97876094759644	1.7126007493675166	0.0	0.5537577942013978	2.733831039323955	0.05133306203561664	0.4513330620356167
cur_kal_20m_20200214	KP0363_AC_WP20	4088	69.10619548733055	1.3464028749417423	0.10718292694842593	0.48113915254623474	2.6403232506609	0.09946038543412716	0.4994603854341272
cur_kal_20m_20200214	KP0364_AC_WP20	12163	105.97860689970709	1.3822216078268368	0.016609424916086704	0.8192058970786482	2.1876162323943293	0.1485694066687128	0.5485694066687128
cur_kal_20m_20200214	KP0365_AC_WP20	841	93.62805148056995	1.9543057210471173	0.14939826274571386	0.6835189979305369	2.6488385494701	0.03719805840198559	0.4371980584019856
cur_kal_20m_20200214	KP0366_AC_WP20	113	122.55803253207164	1.350631708259575	0.0	0.6181818323336209	2.6599927120692297	0.019753643471896565	0.4197536434718966
cur_kal_20m_20200214	KP0367_AC_WP20	1354	83.51371386703762	1.8053026553647151	0.0	0.8744176970041854	2.0427789724167664	0.05594955299979004	0.45594955299979006
cur_kal_20m_20200214	KP0368_AC_WP20	926	84.77977797182001	2.2795828611105065	0.0	0.581615809395776	2.0976151334883504	0.048004886222806235	0.44800488622280626
cur_kal_20m_20200214	KP0369_AC_WP20	5984	55.00747651811534	1.2121369133775686	0.031729252541711	0.5320288731167334	2.3635104769929813	0.1255661579620886	0.5255661579620886
cur_kal_20m_20200214	KP0370_AC_WP20	10546	20.439510384332614	1.7421767221049498	0.07348694976217181	0.5192215345053516	2.2676600014234554	0.11727047619773968	0.5172704761977397
cur_kal_20m_20200214	KP0371_AC_WP20	359	82.7044482379277	1.7236907555520273	0.09915437444398398	0.5194986213004035	2.5383564586607577	0.03369693112958422	0.43369693112958424
cur_kal_20m_20200214	KP0372_AC_WP20	20313	99.80475682163188	2.4063442382050795	0.0	0.5555723958269522	2.546086211713139	0.1632860808819908	0.5632860808819908
cur_kal_20m_20200214	KP0373_AC_WP20	794	54.50219631024248	1.315443334679676	0.09658220262165482	0.517635734034712	2.6432754088984813	0.04233521694587831	0.44233521694587835
cur_kal_20m_20200214	KP0374_AC_WP20	12805	69.74788584687435	1.138010344106038	0.12503814892379436	0.4541807619960598	2.104103955659751	0.16520863914252343	0.5652086391425235
cur_kal_20m_20200214	KP0375_LM_WP20	8512	21.956493319226112	1.0985062306329985	0.455813384000684	0.4217129631524264	2.1009872746827614	0.1356025842819119	0.5356025842819119
cur_kal_20m_20200214	KP0376_LM_WP20	8864	29.76570826930419	1.011030277888861	0.039148939180295224	0.32207548092031457	2.0057901387144352	0.13365342918282136	0.5336534291828214
cur_kal_20m_20200214	KP0377_LM_WP20	23956	82.79176557930553	1.281333687179283	0.0	0.5124358259739545	2.110680495037967	0.19852041525430564	0.5985204152543057
cur_kal_20m_20200214	KP0378_AC_WP20	277	48.53653366563669	1	0.0409366438332553	0.71707747534407	1.6209477997667279	0.02526672231640706	0.42526672231640705
cur_kal_20m_20200214	KP0379_AC_WP20	20	45.135184562056295	1.3492417401244607	0.0	0.5051668498408534	1.9862318245946113	0.005621714257310009	0.40562171425731003
cur_kal_20m_20200214	KP0380_LM_WP20	4204	37.34341406996074	1	0.47287251166204936	0.30404754237953213	1.8723807283649152	0.08894343381163682	0.48894343381163685
cur_kal_20m_20200214	KP0381_AC_WP20	5628	78.86047277631052	1	0.2683369961823378	0.5502039056600501	2.0345680075166674	0.12320427569533912	0.5232042756953391
cur_kal_20m_20200214	KP0382_AC_WP20	510	89.72228133758793	1.0357316665474423	0.2925041802096576	0.5910077920910096	1.9389274383515664	0.041059972361570704	0.44105997236157074
cur_kal_20m_20200214	KP0383_AC_WP20	2485	107.19135164946248	1	0.7246183680729191	0.38430299545858193	1.9576920713762223	0.09207480529890562	0.4920748052989056
cur_kal_20m_20200214	KP0384_AC_WP20	16269	47.954230040535556	1	0.38368256542078905	0.5197398314312616	1.6615995515411914	0.2084108082397268	0.6084108082397268
cur_kal_20m_20200214	KP0385_AC_WP20	7625	51.728655872714974	1	0.03587220123219332	0.7572549503691707	2.1875796909502574	0.15962815844790854	0.5596281584479086
cur_kal_20m_20200214	KP0386_AC_WP20	179	61.34442099536577	1.3869824231460188	0.0	0.7452464152902555	1.8923103926027507	0.028911630398147963	0.428911630398148
cur_kal_20m_20200214	KP0387_AC_WP20	24	10.050438165687673	2.1735641927672953	0.0	0.7966156827892207	1.7312180440443892	0.010044344172294151	0.4100443441722942
cur_kal_20m_20200214	KP0388_AC_WP20	264	128.03266771216167	1	0.3664110269918082	0.7208400423756077	1.8559693314779464	0.035238070750568555	0.4352380707505686
cur_kal_20m_20200214	KP0389_AC_WP20	330	19.5182128935362	1	0.0	0.9670492123900968	1.890745649256881	0.03934446411456884	0.43934446411456884
cur_kal_20m_20200214	KP0390_AC_WP20	46	73.48124327472767	1.0196149037761784	0.0	0.8507214454804933	1.912147650724753	0.0117038480882251	0.41170384808822513
cur_kal_20m_20200214	KP0391_LM_WP20	20989	48.03494430273784	1	0.20055489075540406	0.4686480018361182	1.9511522133812038	0.18551680668275322	0.5855168066827532
cur_kal_20m_20200214	KP0392_AC_WP20	2136	99.3694384978913	1.7326667756148608	0.28174354714720423	0.5886593886061766	1.55221213003622	0.0617205770748686	0.46172057707486863
cur_kal_20m_20200214	KP0393_AC_WP20	185	70.75006198155151	1.3731957136358024	0.01248509088034921	0.6686971067008094	1.6754740255141578	0.02203225776735371	0.42203225776735376
cur_kal_20m_20200214	KP0394_AC_WP20	1787	21.48871150123051	1.8708938702250368	0.0	0.6453392897649536	1.5679046949947077	0.053877793757900284	0.4538777937579003
cur_kal_20m_20200214	KP0395_AC_WP20	125	129.44433012313584	1.6200402738993058	0.0	0.7073445825952476	1.48771746295736	0.019780926543657297	0.41978092654365734
cur_kal_20m_20200214	KP0396_AC_WP20	204	32.14540181954606	1.4912164519868254	0.0	0.6320060400300044	1.6143112367737211	0.020102183565281935	0.42010218356528195
cur_kal_20m_20200214	KP0397_AC_WP20	303	36.08700689553249	2.4749747566645617	0.01963970420241092	0.6498315752336931	1.5936121650564175	0.028851071586213382	0.4288510715862134
cur_kal_20m_20200214	KP0399_LM_WP20	3059	53.061662859388065	1.208607904856027	0.3540584564247849	0.29551041665631406	1.6589406055771	0.08146784465208669	0.4814678446520867
cur_kal_20m_20200214	KP0400_LM_WP20	135060	41.29447360881645	1.3049404779132363	0.31090302404697234	0.31753864730374376	2.2757592084916696	0.4099598126387127	0.8099598126387126
cur_kal_20m_20200214	KP0401_AC_WP20	1882	125.4765701317495	1.0509582064528544	0.04001443552827498	0.4960920164648636	2.174136851873727	0.05278277749181749	0.4527827774918175
cur_kal_20m_20200214	KP0402_AC_WP20	1079	126.88190387412062	1.1789219430150815	0.27530668449865225	0.4740064694329376	1.9029278129108786	0.04000960673379578	0.4400096067337958
cur_kal_20m_20200214	KP0403_LM_WP20	283	96.85821904385004	1.123965068822468	0.32661719045961246	0.4628783314307785	1.887517604193864	0.023620801299041237	0.4236208012990413
cur_kal_20m_20200214	KP0404_AC_WP20	865	14.226623277610372	1.455227440835339	0.15775889244832528	0.5281177309243835	1.7538303013513745	0.03351491407284744	0.4335149140728475
cur_kal_20m_20200214	KP0405_AC_WP20	790	83.19983140462017	1.5439135362763416	0.0	0.5336120360848091	1.8011172174948513	0.036244400536310416	0.4362444005363104
cur_kal_20m_20200214	KP0450_AC_WP20	6788	56.73517902493646	1.2708383309995988	0.9694277049541277	0.48002431948598456	1.9974430068468179	0.12506927316023395	0.525069273160234
cur_kal_20m_20200214	KP0451_LM_WP20	3553	50.50855975407475	1.0193757774606715	0.6470454665487897	0.4616277141825356	1.617928756686364	0.09252829776015681	0.49252829776015683
cur_kal_20m_20200214	KP0454_AC_WP20	23738	64.21641561052924	1	0.0017889115837020487	0.502680256512093	2.3202951574930335	0.16090492685116167	0.5609049268511617
cur_kal_20m_20200214	KP0455_AC_WP20	37038	72.30179854063275	1.4579348894945197	0.0	0.7821667913424123	2.2709822468985497	0.20212226809057898	0.602122268090579
cur_kal_20m_20200214	KP0456_AC_WP20	6417	114.05861203594037	1	0.12118362153101285	0.5324189802631999	2.714495981218969	0.11697278826333829	0.5169727882633384
cur_kal_20m_20200214	KP0457_AC_WP20	1133	89.58139399211582	1.3790160350035896	0.8293909354832293	0.4108831854838496	1.95749702267438	0.06129334047496427	0.4612933404749643
cur_kal_20m_20200214	KP0458_LM_WP20	10769	18.37798786546828	1.0840238850669923	0.23309249606730925	0.4015675436469481	1.918391950470813	0.14887780696181438	0.5488778069618144
cur_kal_20m_20200214	KP0459_LM_WP20	13052	33.112208053158454	1	0.40503814158803586	0.40565541667330207	1.761957186838279	0.16048031740338656	0.5604803174033866
cur_kal_20m_20200214	KP0460_LM_WP20	19064	126.45649972072475	1.2230687440413763	0.08473115841887417	0.4670474635294476	1.9103613713392777	0.18391032717358755	0.5839103271735876
cur_kal_20m_20200214	KP0461_AC_WP20	437	114.80798857760416	1.8948605687938946	0.034326523889608024	0.6027731705944225	1.845202754199733	0.02696843442246896	0.42696843442246896
cur_kal_20m_20200214	KP0462_AC_WP20	1195	36.09942168408118	1.4418538361929096	0.004657646187887989	0.5151319271451628	1.8622261387238854	0.061730117686279264	0.4617301176862793
cur_kal_20m_20200214	KP0463_AC_WP20	1000	42.58706778610338	1.4024248364641672	0.0	0.5182258962358293	2.1252257355424584	0.049244283165918695	0.4492442831659187
cur_kal_20m_20200214	KP0464_AC_WP20	7728	41.5419478637559	1.0080682369558027	0.7607508194816055	0.4967868062416431	2.367667594179001	0.12160982947592801	0.521609829475928
cur_kal_20m_20200214	KP0465_AC_WP20	2687	44.112584440452565	1.0147426491325815	0.45447295756259837	0.5445276324825246	2.427348477425042	0.07221764930725456	0.47221764930725457
cur_kal_20m_20200214	KP0466_AC_WP20	4057	75.26433957401265	1.2291345810336793	0.5403045241525861	0.5195526666735403	2.3626335157417615	0.08070735510893493	0.4807073551089349
cur_kal_20m_20200214	KP0467_AC_WP20	7400	80.17104894948065	1.6464272606028034	0.0	0.9286799357665984	1.9887281685869724	0.10012686763397095	0.500126867633971
cur_kal_20m_20200214	KP0468_AC_WP20	1960	130.58083268702717	1.3926516313520794	0.23026564669520058	0.7307512753921285	1.5797493736855721	0.05662213723678908	0.4566221372367891
cur_kal_20m_20200214	KP0470_AC_WP20	24166	120.57323230923481	1.7481937262249214	0.06677622917164944	0.686611484393369	1.8331032831902705	0.18708305624900148	0.5870830562490015
cur_kal_20m_20200214	KP0471_AC_WP20	13093	54.734838992068084	1.3052424904859534	0.15329293133509753	0.35825623870933576	2.314515808402444	0.13709332628048532	0.5370933262804853
cur_kal_20m_20200214	KP0472_LM_WP20	12530	31.336003311077896	1.2908041938683863	0.7443576476052243	0.37704417363477355	2.307877696503721	0.17582898375983919	0.5758289837598392
cur_kal_20m_20200214	KP0473_LM_WP20	102	66.07910783576413	1.060019679886495	0.02977616776509613	0.5247274724490842	1.0907840127448347	0.0188432997298609	0.4188432997298609
cur_kal_20m_20200214	KP0474_AC_WP20	29	110.3489974813473	1.53578419447152	0.026924992454537416	0.5292329752311655	1.3942889260651259	0.009403584754221431	0.40940358475422145
cur_kal_20m_20200214	KP0475_AC_WP20	1897	94.87760220688855	1	0.2839216860944269	0.6864847551384593	2.0530640391490254	0.049916774702808565	0.4499167747028086
cur_kal_20m_20200214	KP0476_AC_WP20	2817	94.94232630900544	1.0339682887462862	0.0	0.6265822676338939	2.3660973874667923	0.08548285346339174	0.48548285346339176
cur_kal_20m_20200214	KP0477_AC_WP20	6651	75.77145053137812	1.5130384535165575	0.0	0.6365739191741887	2.2543183913504903	0.08428383388121688	0.4842838338812169
cur_kal_20m_20200214	KP0478_AC_WP20	662	44.01449705753435	1.612258493641761	0.0	0.6359681318646048	2.516613463149232	0.0392329402823122	0.43923294028231225
cur_kal_20m_20200214	KP0479_AC_WP20	11856	69.6875389034754	1.272266371286113	0.0	0.535176647408963	2.2364745478656864	0.14279591597657512	0.5427959159765752
cur_kal_20m_20200214	KP0480_AC_WP20	1888	80.38147263378859	1	0.012339921174556704	0.5254191204903664	2.229129460015528	0.06664746657667803	0.46664746657667805
cur_kal_20m_20200214	KP0481_AC_WP20	1369	79.91819038701382	1.488490418667781	0.0	0.49841811100304617	2.1757459701062007	0.06681929404705317	0.4668192940470532
cur_kal_20m_20200214	KP0482_LM_WP20	17004	47.030990554674155	1.1429585222775456	0.11952899991656427	0.39223625184134514	2.005940391620446	0.18914365037963993	0.5891436503796399
cur_kal_20m_20200214	KP0483_AC_WP20	1166	44.22457726494438	1.0148496233373592	0.6692846806335631	0.497935016266535	2.138977185556697	0.048940856656814045	0.44894085665681405
cur_kal_20m_20200214	KP0484_AC_WP20	2522	66.18072503920781	1	1.093116605305887	0.4670597233425187	1.466861892781681	0.08522141974116411	0.4852214197411641
cur_kal_20m_20200214	KP0485_AC_WP20	2525	81.10185254181214	1.527511157973859	0.0	0.8860359956101765	2.156385130508243	0.07025664900649516	0.47025664900649516
cur_kal_20m_20200214	KP0486_AC_WP20	5515	34.71749317819994	1.9576803689156814	0.0	0.8204283991329886	2.0469600296094845	0.08235390745200524	0.48235390745200524
cur_kal_20m_20200214	KP0487_AC_WP20	1794	69.64952632215433	2.1331965251491	0.0	0.7117676974945968	2.4552473425134744	0.05266369342272335	0.4526636934227234
cur_kal_20m_20200214	KP0488_AC_WP20	721	72.63022405700764	1.9484843077951834	0.0	0.6498859663118844	2.2702625272400883	0.049312758163637845	0.44931275816363786
cur_kal_20m_20200214	KP0489_AC_WP20	461	104.33775853254325	1.7641484467461885	0.0	0.6124129717113702	2.1939079351796553	0.044249918698131684	0.4442499186981317
cur_kal_20m_20200214	KP0490_AC_WP20	856	87.370517356733	1.2937646638810083	0.126658945115888	0.6680136814929897	2.414047476858084	0.03655011225933738	0.4365501122593374
cur_kal_20m_20200214	KP0491_AC_WP20	553	99.85861189849903	1.8820617458158082	0.0	0.6689106425941238	2.616900261446013	0.0468907694579465	0.44689076945794654
cur_kal_20m_20200214	KP0492_AC_WP20	12250	84.00972150770049	1.783755125571259	0.02362667680180738	0.569509003783382	2.4484222344171505	0.11996416736731368	0.5199641673673137
cur_kal_20m_20200214	KP0493_AC_WP20	412	78.83720778809246	2.1780033766364104	0.0	0.7979050831420406	2.511936310200523	0.03380495603063033	0.43380495603063035
cur_kal_20m_20200214	KP0494_AC_WP20	9183	62.781380438949775	1.056468968450054	0.0	0.4391984928848826	2.5132909526965563	0.1001567273673413	0.5001567273673413
cur_kal_20m_20200214	KP0495_AC_WP20	990	81.23515624739814	1.312811063087037	0.0	0.4546080458648067	2.645309089723208	0.04784020484176561	0.4478402048417656
cur_kal_20m_20200214	KP0499_AC_WP20	1102	94.2205871588396	1.1833644654628581	0.0	0.8137491618174272	2.5179219547119565	0.03574114948814039	0.4357411494881404
cur_kal_20m_20200214	KP0500_AC_WP20	24	74.82225594484675	1.5540754475068532	0.0	0.7654695756027939	2.485653736455086	0.006759130615687097	0.40675913061568714
cur_kal_20m_20200214	KP0501_AC_WP20	1787	109.10865666308486	1.7869437042269316	0.0	0.7773573434156335	2.728199395692961	0.06377277295818716	0.4637727729581872
cur_kal_20m_20200214	KP0502_AC_WP20	2262	84.19901378035217	1.3803685624989024	0.18408254514043665	0.7419280770678358	2.691065343506255	0.07020845956378337	0.4702084595637834
cur_kal_20m_20200214	KP0503_AC_WP20	2016	123.932432249784	1	0.0	0.8048708688680519	2.5050710100607203	0.06577517655967872	0.46577517655967876
cur_kal_20m_20200214	KP0504_AC_WP20	1508	79.081002551955	2.0236477261692363	0.0	0.8796213247643622	2.4313455253084206	0.06522161727945755	0.46522161727945754
cur_kal_20m_20200214	KP0505_AC_WP20	15076	83.20622275835981	1.3896213997038327	0.0	0.6176846940172739	2.2236492533429053	0.14543185938323377	0.5454318593832338
cur_kal_20m_20200214	KP0506_AC_WP20	2342	77.98309353360332	1	0.1253946943651805	0.7707666804654699	1.9513826445978988	0.059514555086084914	0.45951455508608496
cur_kal_20m_20200214	KP0507_AC_WP20	1939	85.31012350172384	1.6294873990571455	0.0	0.8008288528262058	2.190221649005588	0.05574112529779543	0.4557411252977954
cur_kal_20m_20200214	KP0508_AC_WP20	2375	30.14504822145322	1.1617781291420028	0.019491345925672518	0.5686513909193173	2.697485070594265	0.07349900790063472	0.47349900790063476
cur_kal_20m_20200214	KP0509_AC_WP20	411	11.86254277789281	1.2946392777347309	0.0	0.9709910072863422	1.9419231451828805	0.027798618509313876	0.4277986185093139
cur_kal_20m_20200214	KP0510_AC_WP20	553	31.23178888434404	1.1025265500766706	0.0	0.8490817036289732	2.187143386462443	0.03336098222461477	0.4333609822246148
cur_kal_20m_20200214	KP0511_AC_WP20	390	110.49930156545945	1.2742543853494919	0.0	0.9683820768828578	1.9881728998961308	0.026686947702118127	0.4266869477021181
cur_kal_20m_20200214	KP0512_AC_WP20	731	129.69485202002397	1.9332657436800142	0.0	0.9086048656256747	2.2194631860923053	0.04108714732628741	0.44108714732628745
cur_kal_20m_20200214	KP0513_AC_WP20	92	56.17509034097589	1.5970108555656943	0.0	0.6914107578434434	2.374328102778017	0.01655295699892485	0.41655295699892486
cur_kal_20m_20200214	KP0514_AC_WP20	1770	93.53011704635102	1.013948911693376	0.0	0.5661132317918631	2.133155350193679	0.07864263699884795	0.47864263699884796
cur_kal_20m_20200214	KP0515_AC_WP20	2625	50.24370027906281	1	1.0228871326343583	0.4155059791017178	2.3850383685021055	0.0787377842155595	0.4787377842155595
cur_kal_20m_20200214	KP0516_AC_WP20	1033	92.70322515717261	2.4667222920446226	0.0	0.6425364667747419	2.0909593318126873	0.047835997053829654	0.4478359970538297
cur_kal_20m_20200214	KP0517_AC_WP20	431	72.61771769798183	1.1549699128242834	0.33428179775303796	0.5997640359997094	2.2109946718942814	0.030615737038673208	0.43061573703867323
cur_kal_20m_20200214	KP0518_LM_WP20	851	51.026928969788585	1.0649721645834846	0.08797787755965188	0.59761970482867	2.109982432221508	0.04369166643102382	0.44369166643102387
cur_kal_20m_20200214	KP0519_AC_WP20	219	66.53115932521715	1.8073884448055686	0.0	0.7312702422164896	1.7312325179291903	0.026833624964163662	0.42683362496416366
cur_kal_20m_20200214	KP0520_AC_WP20	62	57.770324286037436	1.3837708874746129	0.0	0.8251349675227316	2.1686541943701587	0.012231890308673546	0.4122318903086736
cur_kal_20m_20200214	KP0521_AC_WP20	4113	86.88516922939961	1.9309930603656533	0.0	0.7301796053724527	1.7385206158586965	0.07821020952555605	0.47821020952555604
cur_kal_20m_20200214	KP0522_AC_WP20	7266	90.24102660896736	1.1591657106397992	0.02395517665771603	0.7757456002365696	2.188231129817631	0.09488895972663533	0.4948889597266354
cur_kal_20m_20200214	KP0523_AC_WP20	3390	122.70839884939494	1.1756284744372412	0.2130317539390089	0.5714929056443664	2.2476966353638703	0.07780884234164151	0.47780884234164156
cur_kal_20m_20200214	KP0524_AC_WP20	1911	66.58387317977038	1.3847094775506459	0.0	0.6503554172423386	2.5958438100276657	0.05480536272838019	0.45480536272838024
cur_kal_20m_20200214	KP0525_AC_WP20	2505	68.69586038762957	1.149755794252223	0.0	0.6641809479640397	2.144710084824135	0.06468432496872113	0.46468432496872114
cur_kal_20m_20200214	KP0526_AC_WP20	4234	73.204616574339	1	0.3093333400997112	0.7147866486846319	2.193825344638993	0.06634077061731797	0.466340770617318
cur_kal_20m_20200214	KP0527_LM_WP20	12735	24.667564583411313	1.4220906312534811	0.32436914728603095	0.5868403531382206	2.1632355390277698	0.13671950205118583	0.5367195020511859
cur_kal_20m_20200214	KP0528_AC_WP20	4779	77.0557477364437	1.333617519034834	0.06314717680134642	0.6897829172959129	2.0614851845229034	0.07936519934998168	0.4793651993499817
cur_kal_20m_20200214	KP0529_LM_WP20	344	38.9415911476059	1	0.05587064744545978	0.33305326296732285	1.5719923412767134	0.03957257432930262	0.43957257432930263
cur_kal_20m_20200214	KP0530_AC_WP20	431	88.48626578796164	2.4926089471109427	0.08358169203483665	0.6873138943228568	1.8928814509109673	0.02556745245263835	0.4255674524526384
cur_kal_20m_20200214	KP0531_AC_WP20	733	82.60709909689305	1.3084089234098555	0.0	0.6867935204926308	1.9043973156878697	0.027394902137382222	0.42739490213738224
cur_kal_20m_20200214	KP0532_AC_WP20	11712	69.84003418962664	1	0.0	0.7034549281896336	2.0284877461925555	0.10738911444347758	0.5073891144434776
cur_kal_20m_20200214	KP0533_AC_WP20	195	55.24993232895903	1.4608740775081848	0.0	0.5517650246768155	2.220815363481928	0.02164038217441472	0.42164038217441474
cur_kal_20m_20200214	KP0534_AC_WP20	1857	119.58395176103664	1.9128037494305299	0.0061589312871126066	0.6192126193445886	2.2419948084459547	0.05733243635649408	0.4573324363564941
cur_kal_20m_20200214	KP0535_AC_WP20	4671	42.75952165809092	1.3380155570225076	0.24097560481238675	0.5311330757505971	2.6499936385056366	0.08481632165262176	0.4848163216526218
cur_kal_20m_20200214	KP0536_AC_WP20	8593	85.82511802460509	1.8986162576076135	0.0	0.6458414651229103	2.446858432729472	0.10797773154733192	0.507977731547332
cur_kal_20m_20200214	KP0537_AC_WP20	428	97.5485177786084	1.4136541525762771	0.0	0.5561036951211572	2.208671132239861	0.026961914659150824	0.42696191465915084
cur_kal_20m_20200214	KP0538_AC_WP20	5478	103.59400740845604	1.2010339850188099	0.0	0.5550880795358584	2.2176831697080175	0.09131116656113615	0.49131116656113616
cur_kal_20m_20200214	KP0539_AC_WP20	2080	94.76272482803338	2.13774463228872	0.0	0.7580480055135776	2.0286714791264626	0.06686293736015515	0.46686293736015516
cur_kal_20m_20200214	KP0540_AC_WP20	57	87.26176468319913	1.522118095151267	0.15850248567624545	0.696418776643212	1.7734455486186584	0.014346113298742382	0.4143461132987424
cur_kal_20m_20200214	KP0541_AC_WP20	25	84.77696635639458	2.3669018740536987	0.0	0.7649532314563671	1.5812329798795197	0.007591247572865079	0.4075912475728651
cur_kal_20m_20200214	KP0542_LM_WP20	39239	68.39135958663735	1.4726772355916171	0.38067783282370854	0.5154999700537083	2.127306887817794	0.2386800957647594	0.6386800957647594
cur_kal_20m_20200214	KP0543_AC_WP20_d	893	122.86212115439693	1.1419529465304021	1.2926143932676755	0.583958725722411	1.9198622113666974	0.03972714565542471	0.43972714565542476
cur_kal_20m_20200214	KP0544_AC_WP20	3897	16.194592628737333	1.0654832688796692	0.3169087510460292	0.5175128480159169	1.9716756963749584	0.08499990668777421	0.48499990668777426
cur_kal_20m_20200214	KP0545_AC_WP20	6608	96.9153303937847	1.1790018661915664	0.47018178751904116	0.5575566672136564	2.093870327427818	0.0953125839805737	0.4953125839805737
cur_kal_20m_20200214	KP0547_LM_WP20	7741	90.85808676458554	1.3099858834477163	0.21959417084784483	0.548900967989984	2.268396779340076	0.12376643588686838	0.5237664358868684
cur_kal_20m_20200214	KP0548_LM_WP20	26249	22.783831363474217	1	0.935320681120695	0.518094992162198	1.927915296183035	0.2247473193501122	0.6247473193501122
cur_kal_20m_20200214	KP0549_AC_WP20	1968	39.475348637230006	1	0.5752328970255799	0.4803326189207434	2.4149112883345456	0.062400677597358	0.46240067759735803
cur_kal_20m_20200214	KP0549_AC_WP20_2	715	12.204845562109247	1.176601459993193	0.004086919329643804	0.5147902596851136	2.1077208974250348	0.039516011132795736	0.43951601113279576
cur_kal_20m_20200214	KP0550_LM_WP20	3781	57.835925856399236	1.1827667462413376	0.9102460306160829	0.400974670297213	1.591708177192322	0.0924013792488713	0.49240137924887134
cur_kal_20m_20200214	KP0551_LM_WP20	4253	6.399379627380955	1	0.8958717432213986	0.4198803927184433	1.6470714396799975	0.09630421319810709	0.49630421319810714
cur_kal_20m_20200214	KP0552_AC_WP20	4589	45.81628638424255	1.9455226982255251	0.0	0.6041116271606942	1.8142711444041453	0.15573405647650465	0.5557340564765046
cur_kal_20m_20200214	KP0553_AC_WP20	2278	33.250970501572645	1.0235846063341347	0.0028411387249616753	0.6241723415391051	2.0816671044698323	0.08702978253797042	0.48702978253797047
cur_kal_20m_20200214	KP0554_AC_WP20	8799	24.854402129116433	1.9902189222297044	0.00025999292306358934	0.6653452227111027	2.1820890698849147	0.11137889800404596	0.511378898004046
cur_kal_20m_20200214	KP0555_AC_WP20	36062	42.339784895852596	1.2050740264491293	0.07685050962065193	0.6908638798489987	2.0683132609980115	0.22404389538029296	0.6240438953802929
cur_kal_20m_20200214	KP0556_AC_WP20	13260	79.01130865217603	1	0.0	0.8311045276872727	1.6860163844765772	0.16278353414395189	0.5627835341439519
cur_kal_20m_20200214	KP0557_AC_WP20	4962	131.72850669369785	1	0.9645711916152429	0.3981537870631129	2.390428694846812	0.08935732670072356	0.48935732670072357
cur_kal_20m_20200214	KP0558_LM_WP20	20765	33.10713140644411	1.4191719651296943	0.42691551013544976	0.45780028759231856	1.7923972251045972	0.2087756803553081	0.6087756803553082
cur_kal_20m_20200214	KP0559_AC_WP20	3201	34.355871408069355	1	0.6870111453452176	0.4592669570816601	2.149919851095945	0.07703944370292974	0.4770394437029298
cur_kal_20m_20200214	KP0560_AC_WP20	2480	63.44644227061978	1	0.43318088800451726	0.4957776439313828	1.8318095668569099	0.07697944949512715	0.47697944949512716
cur_kal_20m_20200214	KP0561_AC_WP20	823	63.33295621031696	1.1662264379694212	0.39463115066932425	0.5634649696668266	2.04691445505967	0.057732588213739035	0.4577325882137391
cur_kal_20m_20200214	KP0562_LM_WP20	34860	109.46450186936622	1.3153332793482113	0.18256507069972638	0.5165781928371097	2.5833593735840954	0.2706617506909822	0.6706617506909822
cur_kal_20m_20200214	KP0563_AC_WP20	163	49.94122583639884	1.2914574820369513	1.37382211442095	0.5609733229731061	2.38176231851459	0.02014780059316024	0.42014780059316026
cur_kal_20m_20200214	KP0564_LM_WP20	487	116.12992786439308	1	0.3944310386105387	0.48188305232949935	2.27068569917819	0.03333963343864974	0.4333396334386498
cur_kal_20m_20200214	KP0565_AC_WP20	43	95.80045756997178	1.5464748023352648	0.5483123730871038	0.4702424173800136	1.863606833752916	0.01071008111139432	0.41071008111139434
cur_kal_20m_20200214	KP0566_LM_WP20	37664	57.188400258868214	1.352636368822575	0.20884563401621575	0.4351347803495684	2.036707266153145	0.23189783238880732	0.6318978323888074
cur_kal_20m_20200214	KP0567_LM_WP20	9287	34.19448790967709	1.18345229670599	0.0	0.47957232510404296	2.1878007157107247	0.1276020620831893	0.5276020620831894
cur_kal_20m_20200214	KP0568_AC_WP20	833	71.83888535542026	1.7366046370430699	0.0	0.5545127845760588	2.4226408017026992	0.04583018438990307	0.4458301843899031
cur_kal_20m_20200214	KP0569_AC_WP20	3519	42.35395165072578	1.5436942840153387	0.003042740360275586	0.5567549077823566	2.763108737804753	0.06494048885749565	0.46494048885749567
cur_kal_20m_20200214	KP0570_LM_WP20	8928	41.44584003912593	1	0.04612647889859393	0.38761656919537263	2.833430971302422	0.139762695417024	0.539762695417024
cur_kal_20m_20200214	KP0571_AC_WP20	680	66.73954615309337	1.2441084535059903	0.010192850572590997	0.857724457724921	1.9826351347902098	0.035877902418611045	0.4358779024186111
cur_kal_20m_20200214	KP0572_AC_WP20	1432	51.134847774282136	1.5771123855385019	0.0	0.6074317404248529	2.275762201683715	0.049217962094117614	0.44921796209411763
cur_kal_20m_20200214	KP0573_LM_WP20	85	86.24892356508687	1.3841801216436673	0.16195419398830044	0.6075089654224743	2.399724642547061	0.011369951832078366	0.41136995183207836
cur_kal_20m_20200214	KP0574_AC_WP20	1061	32.38787952654456	1.1324736969384457	0.004881657487715914	0.5888761442019683	2.1596943534041833	0.05478599800275486	0.4547859980027549
cur_kal_20m_20200214	KP0575_AC_WP20	7009	78.63212227815224	1.4791710593456175	0.0	0.5992960185902888	1.9408854437116505	0.13067941659646648	0.5306794165964666
cur_kal_20m_20200214	KP0576_AC_WP20	7	73.91807596052975	3.4628820568190752	0.0	0.541176010443133	2.482289154661569	0.0046152673751486545	0.4046152673751487
cur_kal_20m_20200214	KP0577_AC_WP20	3386	123.92492289975459	1.427937724221758	0.0006365727173996262	0.5650875565814719	2.3267553538066226	0.06465647408719323	0.46465647408719324
cur_kal_20m_20200214	KP0578_AC_WP20	897	66.0055976632059	1.7913165110859801	0.07888958829788943	0.521111103104666	2.2329394355021788	0.03746460954747897	0.437464609547479
cur_kal_20m_20200214	KP0579_AC_WP20	1249	27.59081036851219	1.2952402264803478	0.6500026393027962	0.49469258811269445	2.159511616693876	0.0494697229004236	0.44946972290042364
cur_kal_20m_20200214	KP0580_AC_WP20	2729	32.487742411925296	1	0.19725228850284618	0.42232320361862913	2.4469599786699967	0.08770772628215445	0.4877077262821545
cur_kal_20m_20200214	KP0581_AC_WP20	631	101.38046136795731	1.251209397314743	1.4547046471559584	0.40344388355990507	1.71156600591565	0.048167723973863985	0.448167723973864
cur_kal_20m_20200214	KP0582_AC_WP20	33	122.6165631853799	1.1397089377106353	0.17444887082921368	0.9076745751080663	2.339144307778864	0.009521633954927224	0.40952163395492724
cur_kal_20m_20200214	KP0583_LM_WP20	7319	80.1697524498309	1.092033607765681	0.3536190697146101	0.5373242311632178	2.840313694324944	0.13260512797160848	0.5326051279716085
cur_kal_20m_20200214	KP0584_AC_WP20	1645	113.10339296761003	1.5850534116441712	0.049621585247826006	0.5127096164527218	2.674625797710453	0.0632953444538409	0.4632953444538409
cur_kal_20m_20200214	KP0585_LM_WP20	7695	45.10039562034544	1.3650433539249451	0.00010624682872044937	0.7030811690435284	2.0648610767230497	0.13467883328506658	0.5346788332850666
cur_kal_20m_20200214	KP0586_LM_WP20	7737	15.946758012994417	1.1331419680569226	6.303092529411543e-05	0.539723578410204	1.782524107985002	0.15047100956847487	0.5504710095684748
cur_kal_20m_20200214	KP0588_LM_WP20	14387	130.93970030970598	1	0.574821595327104	0.5388781577142082	1.9503974303601959	0.18613066500068473	0.5861306650006848
cur_kal_20m_20200214	KP0589_AC_WP20	18951	110.26832744259248	2.1113892145453836	0.0	0.7524067170196843	2.301436237998266	0.1666470332874851	0.5666470332874851
cur_kal_20m_20200214	KP0590_AC_WP20	861	117.22924173779465	1.1899219059635147	0.0	0.7323780888428308	2.4274303892263642	0.03965729910383264	0.43965729910383267
cur_kal_20m_20200214	KP0591_AC_WP20	274	108.92907942014368	1.1946065308021943	0.18948593118961826	0.5887569491011516	2.4512266598023316	0.032127635447158326	0.4321276354471584
