plot_name	sample_name	colony_points	mean_colony	low_colony	high_colony	mean_env	low_env	high_env	outcrop_prop
cur_sna_05m_20200303	KP0130_AC_SB05	469	-1.4689610165239062	-1.4886774315787583	-1.443707770065519	-1.481921208539532	-1.7212285692397158	-1.0812523880641913	0.3941827213825961
cur_sna_05m_20200303	KP0132_HU_SB05	405	-1.5577484669218349	-1.578504926130961	-1.548163978129945	-1.6388608913450264	-1.9312524771383	-1.387531577261283	0.6869406901609763
cur_sna_05m_20200303	KP0133_HU_SB05	438	-1.703543235384211	-1.7255618627697724	-1.68899389396468	-1.7212004802199323	-1.9535974542282621	-1.387531577261283	0.4417404917319151
cur_sna_05m_20200303	KP0134_HU_SB05	109	-1.8246610855112377	-1.837072708749031	-1.8150784397916642	-1.7910232303762013	-1.9535974542282621	-1.4514677221785899	0.25677899651691927
cur_sna_05m_20200303	KP0135_HU_SB05	681	-0.49870299096752657	-0.5249674269788902	-0.4821426606174863	-0.5902881200457014	-0.7624050100897486	-0.26005773071061217	0.5249396780811434
cur_sna_05m_20200303	KP0137_HU_SB05	250	-0.360656522466494	-0.3806388301215978	-0.34564034745427835	-0.3798874434259169	-0.5133010203731984	-0.07252567049828024	0.34630906186115296
cur_sna_05m_20200303	KP0138_HU_SB05	45	-0.3824110444684112	-0.3899330520654712	-0.3752733950100649	-0.3789488671732126	-0.5133010203731984	-0.07252567049828024	0.2969539379684702
cur_sna_05m_20200303	KP0139_HU_SB05	107	-0.4510434419426154	-0.46487140131433585	-0.4406020514882545	-0.4453920530773796	-0.5328036422272958	-0.18057856554956006	0.23212487042620747
cur_sna_05m_20200303	KP0140_HU_SB05	199	-0.46166986351933526	-0.47108179013215035	-0.44605677502299407	-0.43946083947876174	-0.5278840628803281	-0.1760756586432296	0.1882109652968048
cur_kal_05m_20200214	KP0950_AC_WP05	10676	-1.361712743225743	-1.4120530164601153	-1.3011088149209837	-1.3881317829241047	-1.6607869473295276	-1.0888892616981538	0.5229505410108581
cur_kal_05m_20200214	KP0952_HU_WP05	57	-1.26184227992345	-1.2689829086331246	-1.254902976536565	-1.2707090844813769	-1.63302263648643	-0.9194912858947906	0.5202018891744672
cur_kal_05m_20200214	KP0954_HU_WP05	15	-1.1889375525868071	-1.1921939451259616	-1.1857891519979136	-1.2155348025272754	-1.5820655419652108	-0.9009881915351146	0.5772148921560021
cur_kal_05m_20200214	KP0955_HU_WP05	39	-1.1711965591555349	-1.1754122469405233	-1.1676557563893555	-1.1920972341346625	-1.5638312782440218	-0.9009881915351146	0.5923494216979222
cur_kal_05m_20200214	KP0956_HU_WP05	84	-1.1362957066868244	-1.141977726126809	-1.133744032839191	-1.1560576352815461	-1.5321230617317965	-0.9009881915351146	0.6271676209581313
cur_kal_05m_20200214	KP0957_HU_WP05	5	-1.1989507654995812	-1.1991715577914976	-1.1986770032996437	-1.223884043523572	-1.5944116117182576	-0.9046328388459128	0.5733154770360889
cur_kal_05m_20200214	KP0958_HU_WP05	45	-1.1519295792181303	-1.157514538703639	-1.1477176485170077	-1.140333663698229	-1.5147435757671852	-0.9009881915351146	0.5911377820383718
cur_kal_05m_20200214	KP0962_AC_WP05	5204	-1.3995274060908771	-1.4513781369208547	-1.357615424532148	-1.405321634366676	-1.8351135853681124	-0.989439476574171	0.5150756949369619
cur_kal_05m_20200214	KP0963_HU_WP05	194	-1.482357494643537	-1.4981845221177483	-1.4710195701643596	-1.516229801064511	-1.8113883393365582	-1.0772113231525235	0.4481628237331578
cur_kal_05m_20200214	KP0965_AC_WP05	75	-1.254127388823312	-1.2663714995939819	-1.245143007618742	-1.333806255029551	-1.5580482626289913	-0.9150282085077924	0.47264602691286384
cur_kal_05m_20200214	KP0966_AC_WP05	1806	-1.3607295826349466	-1.3955082359121938	-1.3235214131667066	-1.3147935944145241	-1.63689280591534	-0.9574567019137202	0.40645944725912747
cur_kal_05m_20200214	KP0968_HU_WP05	8	-1.5039118405031089	-1.5055646286159086	-1.50290986730204	-1.5234132813989767	-1.7496257546346772	-1.178716325282859	0.4303903587834229
cur_kal_05m_20200214	KP0969_HU_WP05	12	-1.6163820553260555	-1.6189468059715184	-1.6138681573188962	-1.6502524755968857	-1.8713127531601426	-1.4795548319391896	0.6507352730471151
cur_kal_05m_20200214	KP0970_HU_WP05	104	-1.57206255560592	-1.57848353965993	-1.5663604737538173	-1.5593034568107054	-1.7807059957218652	-1.2593618377103368	0.40020289267599596
cur_kal_05m_20200214	KP0971_HU_WP05	160	-1.5321723193149102	-1.5384562659480818	-1.5263678609908722	-1.5542260895832303	-1.7807059957218652	-1.185455844967882	0.41752812005531764
cur_kal_05m_20200214	KP0972_HU_WP05	151	-1.561420136216057	-1.5759168489053765	-1.5524814611542461	-1.5788586444955324	-1.8063230034324986	-1.1792057936741582	0.3905216814426366
cur_kal_05m_20200214	KP0973_HU_WP05	223	-1.6565932527781613	-1.668502065296691	-1.6508750484203512	-1.6799377586730728	-1.8476236265980934	-1.4527446185028299	0.4837693822758149
cur_kal_05m_20200214	KP0974_AC_WP05	3842	-1.2603531645691524	-1.3257747920431613	-1.215632926737734	-1.3880571647606117	-1.7153798698643221	-1.1848067997402512	0.8576136462952498
cur_kal_05m_20200214	KP0975_AC_WP05	503	-1.4681988185813268	-1.486103809690063	-1.4525356472226778	-1.5292450602550198	-1.788444635729956	-1.220299218183327	0.563668749686511
cur_kal_05m_20200214	KP0976_AC_WP05	43	-1.489040195261228	-1.4956414637598545	-1.4835037986345356	-1.584658852987826	-1.8305691446058097	-1.3294449433040905	0.6815255548573124
cur_kal_05m_20200214	KP0977_AC_WP05	139	-1.4399807593668008	-1.449451731300638	-1.4285201109175003	-1.5282458504405527	-1.7945068899030985	-1.220299218183327	0.6174179621712121
cur_kal_05m_20200214	KP0978_AC_WP05	5474	-1.5251404976567002	-1.5851914327957273	-1.4828129490108708	-1.530573681050695	-1.6680543545279742	-1.3315412380509213	0.42469030142847164
cur_kal_05m_20200214	KP0979_HU_WP05	100	-1.079845676694502	-1.0885573206937735	-1.0722712114598445	-1.1535505273237854	-1.3228100291585172	-0.8189394553003752	0.4821959548136236
cur_kal_05m_20200214	KP0980_HU_WP05	57	-1.106852654759738	-1.1140380542642987	-1.1008761464139696	-1.1929164930358676	-1.4587618373613866	-1.0090318451401776	0.7824899132556739
cur_kal_05m_20200214	KP0981_AC_WP05	3954	-1.1855431626774187	-1.2186684113600053	-1.1343856467261484	-1.2857744187544702	-1.5803294580360407	-0.9762011017249529	0.6534808227994054
cur_kal_05m_20200214	KP0982_AC_WP05	11621	-1.208775687050479	-1.2792226786033085	-1.1534629120727267	-1.2845238786804292	-1.4512773725136894	-0.9722503131288195	0.5062379686329463
cur_kal_05m_20200214	KP0983_AC_WP05	1319	-0.9463628162868998	-0.9938603355961282	-0.9117185301225385	-1.0161449990110067	-1.3469513163103348	-0.6577100096914977	0.5812021075587794
cur_kal_05m_20200214	KP0984_HU_WP05	171	-0.9695988634625067	-0.9781747063840678	-0.960794036234619	-0.9772524936035809	-1.32548904093758	-0.6577100096914977	0.5329460207981953
cur_kal_05m_20200214	KP0986_HU_WP05	106	-1.0353414859218617	-1.0479487838553592	-1.0262843141495446	-1.1031889770769665	-1.3813586233558728	-0.953435231292996	0.8085959866927984
cur_kal_05m_20200214	KP0987_HU_WP05	52	-0.9580881350617813	-0.9645290041506466	-0.9519181138315306	-0.9775191364114358	-1.1276440502416571	-0.7411119101404776	0.43865929269295056
cur_kal_05m_20200214	KP0988_AC_WP05	61	-1.2611386487450922	-1.2679160402142204	-1.2566743279587065	-1.3243252088022723	-1.6253974597525132	-1.1673429112943328	0.7952302018035242
