plot_name	sample_name	colony_points	theta	psi	elevation	plane_i,	plane_j	plane_k	axis_i	axis_j	axis_k
cur_kal_05m_20200214	KP0950_AC_WP05	10676	-13.001757785587335	10.581686151159293	16.541911625092723	-0.22134393145493694	0.17908218741555992	0.9586117223143741	0.17908218741555992	0.22134393145493694	-0.0
cur_kal_05m_20200214	KP0952_HU_WP05	57	19.014395903209522	51.7165844632624	52.706633929285736	0.20879712350505691	0.7676545076610652	0.6058962931753763	0.7676545076610652	-0.20879712350505691	0.0
cur_kal_05m_20200214	KP0954_HU_WP05	15	-64.28428789022865	44.03998789222207	113.58507250313909	0.8307846389687875	-0.3869220221317518	-0.4001102753529049	0.3869220221317518	0.8307846389687875	-0.0
cur_kal_05m_20200214	KP0955_HU_WP05	39	-60.15137421267353	-67.73302509203296	108.43349109426525	0.5510377337359572	0.7722516952264252	-0.31620362935781265	-0.7722516952264252	0.5510377337359572	0.0
cur_kal_05m_20200214	KP0956_HU_WP05	84	2.262527468038266	11.889812326907638	12.091278467579597	0.038632588049495674	0.20587638992488486	0.9778151334542203	0.20587638992488486	-0.038632588049495674	0.0
cur_kal_05m_20200214	KP0957_HU_WP05	5	-27.24441175741657	65.8156371180164	66.36851160042558	-0.2064031818630134	0.8925888936166817	0.4008525832634387	0.8925888936166817	0.2064031818630134	-0.0
cur_kal_05m_20200214	KP0958_HU_WP05	45	-29.7001324810268	27.54551652150101	37.700819151594885	-0.451303373078635	0.41267956287136326	0.7912147899503312	0.41267956287136326	0.451303373078635	-0.0
cur_kal_05m_20200214	KP0962_AC_WP05	5204	27.562218524356368	39.05579127404884	43.97297272700656	0.37562897706901865	0.5839363865395153	0.7196674009994176	0.5839363865395153	-0.37562897706901865	0.0
cur_kal_05m_20200214	KP0963_HU_WP05	194	5.829851216653645	-38.12106720383545	38.354881974657836	0.08006713544824566	-0.6153432441275392	0.7841823421422521	-0.6153432441275392	-0.08006713544824566	0.0
cur_kal_05m_20200214	KP0965_AC_WP05	75	69.64654963699098	-33.62989434330535	70.1925332396125	0.9134393160289495	-0.22539333491937	0.33886053252996234	-0.22539333491937	-0.9134393160289495	0.0
cur_kal_05m_20200214	KP0966_AC_WP05	1806	58.89460511215658	-40.915268730461705	61.86775545839223	0.7814617750377469	-0.4086532391258854	0.4715082441556837	-0.4086532391258854	-0.7814617750377469	0.0
cur_kal_05m_20200214	KP0968_HU_WP05	8	49.00135562059772	40.82504533642469	55.19797531160496	0.6565956129206606	0.49308731796361355	0.5707425846708761	0.49308731796361355	-0.6565956129206606	0.0
cur_kal_05m_20200214	KP0969_HU_WP05	12	11.358764049306616	55.994842354036265	56.23616723246003	0.1116468899774539	0.8238043554556266	0.5557709563216686	0.8238043554556266	-0.1116468899774539	0.0
cur_kal_05m_20200214	KP0970_HU_WP05	104	29.786717161841405	-11.54199000696934	31.288554771849938	0.4891495532965138	-0.1745150229166067	0.8545625906194568	-0.1745150229166067	-0.4891495532965138	0.0
cur_kal_05m_20200214	KP0971_HU_WP05	160	26.295459485816977	-11.97622279839479	28.268631756997205	0.4352003854205457	-0.1868244036569209	0.8807367749379177	-0.1868244036569209	-0.4352003854205457	0.0
cur_kal_05m_20200214	KP0972_HU_WP05	151	25.632566190609133	-10.25102380106068	27.147343725547536	0.42696005948503557	-0.16092499616756667	0.8898360822157098	-0.16092499616756667	-0.42696005948503557	0.0
cur_kal_05m_20200214	KP0973_HU_WP05	223	56.21733562979492	-30.444628072680022	58.0934912367808	0.7900328014956491	-0.3106431478304121	0.5285347739429723	-0.3106431478304121	-0.7900328014956491	0.0
cur_kal_05m_20200214	KP0974_AC_WP05	3842	17.698684653884765	-62.40165357602931	117.27678117311268	-0.14624721464829038	0.8766884108145657	-0.4582894091630833	-0.8766884108145657	-0.14624721464829038	0.0
cur_kal_05m_20200214	KP0975_AC_WP05	503	-25.843330063448864	54.85106350522377	56.32039282025981	-0.26859668754896615	0.7876115938407444	0.5545482816539652	0.7876115938407444	0.26859668754896615	-0.0
cur_kal_05m_20200214	KP0976_AC_WP05	43	56.02888175370313	-23.786735922095048	57.14184920716238	0.8052551108900623	-0.2391479098758313	0.5425610413469206	-0.2391479098758313	-0.8052551108900623	0.0
cur_kal_05m_20200214	KP0977_AC_WP05	139	19.73551866746907	57.31785155314244	57.98624410235356	0.19018230758398139	0.8263174029475266	0.5301228531841338	0.8263174029475266	-0.19018230758398139	0.0
cur_kal_05m_20200214	KP0978_AC_WP05	5474	-76.25781691449963	-10.092987801620355	103.72967357708828	0.9705072442917282	0.0422469530484694	-0.23734128114467648	-0.0422469530484694	0.9705072442917282	0.0
cur_kal_05m_20200214	KP0979_HU_WP05	100	-36.43262816720239	28.203146542179976	42.37668211868158	-0.5452881313223967	0.39615562590276004	0.7387297028714367	0.39615562590276004	0.5452881313223967	-0.0
cur_kal_05m_20200214	KP0980_HU_WP05	57	20.38267847107256	45.930325305532925	47.66925004094716	0.25020698434966826	0.6956409191876624	0.673409367720994	0.6956409191876624	-0.25020698434966826	0.0
cur_kal_05m_20200214	KP0981_AC_WP05	3954	-60.5296226906813	32.023925574092466	118.04833721029756	0.8321079801438901	-0.2940968400309312	-0.4702162885999124	0.2940968400309312	0.8321079801438901	-0.0
cur_kal_05m_20200214	KP0982_AC_WP05	11621	-18.072129657108874	-49.12738045456458	129.78828130172204	0.20882424237939642	0.7394952133765679	-0.6399525491689328	-0.7394952133765679	0.20882424237939642	0.0
cur_kal_05m_20200214	KP0983_AC_WP05	1319	-44.6572625616806	-42.041982564740266	53.220248670012516	-0.591619879566697	-0.5399033603418207	0.5987405778741716	-0.5399033603418207	0.591619879566697	0.0
cur_kal_05m_20200214	KP0984_HU_WP05	171	-1.1636967638278926	46.65357779652023	46.65883369557527	-0.01394173762268806	0.7271461761435051	0.6863410715321784	0.7271461761435051	0.01394173762268806	-0.0
cur_kal_05m_20200214	KP0986_HU_WP05	106	-39.724941079326015	-20.984585567521762	42.46482268356834	-0.6129863354466636	-0.28294573772723475	0.7376919831865202	-0.28294573772723475	0.6129863354466636	0.0
cur_kal_05m_20200214	KP0987_HU_WP05	52	-26.31192841621453	-31.654169708485163	38.31995123194649	-0.3879572101459877	-0.48368793066372523	0.7845605067972676	-0.48368793066372523	0.3879572101459877	0.0
cur_kal_05m_20200214	KP0988_AC_WP05	61	41.61583551671623	16.4701983947936	43.11399142405211	0.6484811300313214	0.21582154034951792	0.7299954018447389	0.21582154034951792	-0.6484811300313214	0.0
cur_cas_05m_20201212	KP0407_AC_CA05	22310	76.74044437119454	-82.73740622481338	96.3959606817368	-0.47274068376080214	0.8741318763552292	-0.11139887188412514	-0.8741318763552292	-0.47274068376080214	0.0
cur_cas_05m_20201212	KP0408_AC_CA05	17998	-8.852350634496965	-18.211654879127497	20.001984135325756	-0.14634954864434177	-0.3091631422228849	0.9396807761694765	-0.3091631422228849	0.14634954864434177	0.0
cur_cas_05m_20201212	KP0409_AC_CA05	768	-64.30322077560527	-13.91222658969212	115.5392196580874	0.8959484172854486	0.1067912380194227	-0.43112882650778356	-0.1067912380194227	0.8959484172854486	0.0
cur_cas_05m_20201212	KP0410_HU_CA05	5	-45.790587991812814	61.07598310738553	64.33708283405156	-0.4451952736338997	0.7837388078791351	0.43307580093816056	0.7837388078791351	0.4451952736338997	-0.0
cur_cas_05m_20201212	KP0413_HU_CA05	616	-13.075682616788772	-20.73295980535736	23.94610589083268	-0.21226877190212987	-0.3459454200956569	0.9139276419881396	-0.3459454200956569	0.21226877190212987	0.0
cur_cas_05m_20201212	KP0414_HU_CA05	109	74.76711191128834	-72.377553350051	78.31918085444103	0.7434876737116674	-0.6373666463231115	0.20245947049630172	-0.6373666463231115	-0.7434876737116674	0.0
cur_cas_05m_20201212	KP0415_HU_CA05	219	34.60773558396624	31.255938712006575	42.5831565635568	0.5080833446390444	0.44689983001281186	0.7362960388559224	0.44689983001281186	-0.5080833446390444	0.0
cur_cas_05m_20201212	KP0417_HU_CA05	74	-15.995051200551998	-3.8312146004667005	16.402866837306764	-0.274985136431691	-0.06424157434892486	0.9592998461726219	-0.06424157434892486	0.274985136431691	0.0
cur_cas_05m_20201212	KP0418_HU_CA05	122	-32.54066042183248	47.78145330650764	51.859819143812025	-0.3940631210885608	0.6806613131739954	0.6175875916387847	0.6806613131739954	0.3940631210885608	-0.0
cur_cas_05m_20201212	KP0419_HU_CA05	124	-21.12454094042949	27.28062612189945	32.7971004976243	-0.324771955982909	0.4335030297703756	0.8405940160308901	0.4335030297703756	0.324771955982909	-0.0
cur_cas_05m_20201212	KP0424_AC_CA05	1184	-86.92206747183377	52.49023201176077	93.0704224758331	0.9961233136474477	-0.06978046317951425	-0.053563336028306194	0.06978046317951425	0.9961233136474477	-0.0
cur_cas_05m_20201212	KP0426_HU_CA05	304	-15.969070585643387	-39.49249282036427	41.10096474499651	-0.21563749016887504	-0.6210147895533376	0.7535523233257875	-0.6210147895533376	0.21563749016887504	0.0
cur_cas_05m_20201212	KP0432_HU_CA05	139	24.684901608155528	9.756283318782145	26.138952829581932	0.4126222939792193	0.15435928784737774	0.8977282733469951	0.15435928784737774	-0.4126222939792193	0.0
cur_cas_05m_20201212	KP0433_AC_CA05	57079	42.91080596651033	48.29934477545433	55.54280805373336	0.5259637160488444	0.6350145356841869	0.5657903400287843	0.6350145356841869	-0.5259637160488444	0.0
cur_cas_05m_20201212	KP0434_HU_CA05	365	44.06007364819916	-3.0388655008406134	44.10309485352696	0.6949067064491063	-0.03812189154689914	0.7180887067187047	-0.03812189154689914	-0.6949067064491063	0.0
cur_cas_05m_20201212	KP0435_HU_CA05	1008	67.82356091738207	53.97757160013606	70.42673417922177	0.8218877121322999	0.4607250468156843	0.33501196976021513	0.4607250468156843	-0.8218877121322999	0.0
cur_cas_05m_20201212	KP0436_HU_CA05	94	50.87972265643381	35.410783462579055	54.85241682021918	0.7078676328382668	0.4092807784436468	0.5756845132331693	0.4092807784436468	-0.7078676328382668	0.0
cur_cas_05m_20201212	KP0439_HU_CA05	197	43.446399136839645	-51.51999000714893	122.4160274683288	-0.5077524947869159	0.6744063369741413	-0.536062959629542	-0.6744063369741413	-0.5077524947869159	0.0
cur_cas_05m_20201212	KP0440_HU_CA05	1410	88.22757148928535	-88.61174771389135	91.09304862155433	-0.6164613394119947	0.7871540623577823	-0.019076140175892556	-0.7871540623577823	-0.6164613394119947	0.0
cur_cas_05m_20201212	KP0441_AC_CA05	390	-63.622638871971866	-50.1821231773162	113.08414756876694	0.7906295302254353	0.4702937107995984	-0.39208260802776146	-0.4702937107995984	0.7906295302254353	0.0
cur_cas_05m_20201212	KP0442_HU_CA05	243	-27.541248125083563	22.537173746522857	33.681222812177396	-0.43394423253888426	0.3453146754720834	0.8321359131475149	0.3453146754720834	0.43394423253888426	-0.0
cur_kal_10m_20200214	KP0739_HU_WP10	98	2.3241014644769518	-13.31654104236299	13.503814461276484	0.03946347357428972	-0.23015125566522007	0.97235437663908	-0.23015125566522007	-0.03946347357428972	0.0
cur_kal_10m_20200214	KP0740_HU_WP10	30	-66.26998785791349	27.85553325596344	113.18017784365749	0.8954256008627481	-0.20802215866388044	-0.3936239002200017	0.20802215866388044	0.8954256008627481	-0.0
cur_kal_10m_20200214	KP0741_AC_WP10	9002	5.911009740345035	18.132749282002663	18.95552879617361	0.09791960421033255	0.3097240577022572	0.9457709866514941	0.3097240577022572	-0.09791960421033255	0.0
cur_kal_10m_20200214	KP0742_AC_WP10	1829	-63.33151692550663	-31.06899333408114	115.6749714430251	0.8626342020592596	0.2610427261101306	-0.43326542509479754	-0.2610427261101306	0.8626342020592596	0.0
cur_kal_10m_20200214	KP0743_AC_WP10	9124	64.782412881634	22.643950477687063	65.19805334761358	0.8907367942501084	0.17499154126023897	0.41948292439193047	0.17499154126023897	-0.8907367942501084	0.0
cur_kal_10m_20200214	KP0744_HU_WP10	96	-2.739747247877953	-30.807709332075515	30.888670471501815	-0.04106677287157791	-0.5117263813849071	0.8581664353495904	-0.5117263813849071	0.04106677287157791	0.0
cur_kal_10m_20200214	KP0745_AC_WP10	827	-54.17548614244063	-67.70014271350378	109.62590918728239	0.4652859630140392	0.8189598613502963	-0.3358775344068154	-0.8189598613502963	0.4652859630140392	0.0
cur_kal_10m_20200214	KP0746_AC_WP10	2386	19.49065040132281	-1.9074632682216384	19.570216604035465	0.33348871897894417	-0.031379914083391705	0.942231699374364	-0.031379914083391705	-0.33348871897894417	0.0
cur_kal_10m_20200214	KP0747_AC_WP10	1724	-13.951307591651627	28.16175179702557	30.547806875928522	-0.21394539444764787	0.46103434461326637	0.8612053769465542	0.46103434461326637	0.21394539444764787	-0.0
cur_kal_10m_20200214	KP0748_AC_WP10	213	38.73633538642173	-13.955042125317311	40.0235179427108	0.6143036411825493	-0.19029242351551473	0.7657805364348544	-0.19029242351551473	-0.6143036411825493	0.0
cur_kal_10m_20200214	KP0749_AC_WP10	6515	-57.27368794991356	28.333220989989574	121.26684739112075	0.8076478409356819	-0.27985427083885317	-0.5190246161071607	0.27985427083885317	0.8076478409356819	-0.0
cur_kal_10m_20200214	KP0750_AC_WP10	31	27.848057745873884	30.495093661699812	38.3500411576572	0.41432110174351056	0.46185912909256477	0.7842347668421116	0.46185912909256477	-0.41432110174351056	0.0
cur_kal_10m_20200214	KP0751_AC_WP10	953	-19.40632957631898	-51.800128434567156	127.1737761049537	0.21285958368851984	0.7678486078702764	-0.604234485132741	-0.7678486078702764	0.21285958368851984	0.0
cur_kal_10m_20200214	KP0752_AC_WP10	37	-86.53512383363173	-87.39915814752008	92.08095777209296	0.5997223050280514	0.7993839040075069	-0.03631158032305592	-0.7993839040075069	0.5997223050280514	0.0
cur_kal_10m_20200214	KP0753_AC_WP10	3680	-0.5598066023220619	-30.281675953832217	30.285168408946976	-0.008437323174735169	-0.5042335224705733	0.8635261237476044	-0.5042335224705733	0.008437323174735169	0.0
cur_kal_10m_20200214	KP0754_LM_WP10	12745	-28.220512986335507	74.07599995225925	74.25028936095761	-0.1456676286291961	0.9513693619725716	0.27143558917254884	0.9513693619725716	0.1456676286291961	-0.0
cur_kal_10m_20200214	KP0755_AC_WP10	10923	23.635718040800047	10.704067571230631	25.48759695933115	0.3950408402478585	0.17062923750750447	0.9026784576159296	0.17062923750750447	-0.3950408402478585	0.0
cur_kal_10m_20200214	KP0756_AC_WP10	6210	58.56591735631657	-48.092352244117684	63.19750955253328	0.7377323774662712	-0.5024195413157146	0.45091633785223395	-0.5024195413157146	-0.7377323774662712	0.0
cur_kal_10m_20200214	KP0757_AC_WP10	612	-0.6546816246663175	12.05622706534757	12.072963752986182	-0.011174108670173221	0.2088584528452312	0.9778820409285179	0.2088584528452312	0.011174108670173221	-0.0
cur_kal_10m_20200214	KP0758_AC_WP10	4973	15.06790538144357	40.22585343249716	41.59387851548544	0.20134119334285347	0.632576993391347	0.7478690201467362	0.632576993391347	-0.20134119334285347	0.0
cur_kal_10m_20200214	KP0759_AC_WP10	1305	-79.0884767730663	88.39150396079236	88.40829306223854	-0.1440876045632763	0.9891750113395751	0.027776953622892203	0.9891750113395751	0.1440876045632763	-0.0
cur_kal_10m_20200214	KP0760_AC_WP10	9391	54.964893076027316	39.42458186477256	58.72401906990903	0.7404724849430626	0.42681669748101525	0.5191608669705812	0.42681669748101525	-0.7404724849430626	0.0
cur_kal_10m_20200214	KP0761_AC_WP10	1946	-26.900820238971047	70.56663110092337	70.84836572177176	-0.16644498249677078	0.9298744937571961	0.32806934276376326	0.9298744937571961	0.16644498249677078	-0.0
cur_kal_10m_20200214	KP0762_AC_WP10	3850	53.691768103508466	68.54580239998172	70.88683178426072	0.44561462776033	0.8331949835411092	0.32743506673530454	0.8331949835411092	-0.44561462776033	0.0
cur_kal_10m_20200214	KP0763_LM_WP10	10848	37.73997603446133	-18.213765061642956	40.06529416408058	0.5923532854557986	-0.25182534822301844	0.7653114262848013	-0.25182534822301844	-0.5923532854557986	0.0
cur_kal_10m_20200214	KP0764_HU_WP10	830	19.40016586925553	39.56582972386261	41.92967492731431	0.26199405147649835	0.6147148638516335	0.74396555911601	0.6147148638516335	-0.26199405147649835	0.0
cur_kal_10m_20200214	KP0765_AC_WP10	1657	35.52171979477173	24.330038925309058	40.19814356179722	0.5452623158959328	0.34535877933488696	0.7638169416817886	0.34535877933488696	-0.5452623158959328	0.0
cur_kal_10m_20200214	KP0766_AC_WP10	3224	22.96319021581982	20.734120375484	29.60463611414748	0.36840268573898716	0.3291314861712276	0.86945495912728	0.3291314861712276	-0.36840268573898716	0.0
cur_kal_10m_20200214	KP0767_AC_WP10	3985	6.962733138258764	14.618918781978408	16.06679360869687	0.11735416498925806	0.250644902122848	0.9609397135093865	0.250644902122848	-0.11735416498925806	0.0
cur_kal_10m_20200214	KP0768_HU_WP10	332	-59.119633376661405	-49.783553540008626	116.02393326169076	0.7336624673034324	0.5188842366582795	-0.438746547585043	-0.5188842366582795	0.7336624673034324	0.0
cur_kal_10m_20200214	KP0769_AC_WP10	79819	45.73626461429384	15.996792017925628	46.811900718292364	0.7022149419259058	0.19620583386222437	0.6843956794825826	0.19620583386222437	-0.7022149419259058	0.0
cur_kal_10m_20200214	KP0770_AC_WP10	73	47.737764245200054	-66.66609134147483	111.29048110188421	-0.3995665229023007	0.8417289175020494	-0.3630964379012736	-0.8417289175020494	-0.3995665229023007	0.0
cur_kal_10m_20200214	KP0771_AC_WP10	1282	62.21625211235463	-13.552473123383969	62.40486376575582	0.8791808230272359	-0.11165825746909003	0.4632208047574271	-0.11165825746909003	-0.8791808230272359	0.0
cur_kal_10m_20200214	KP0772_AC_WP10	309	21.61289404918805	27.618578711398985	33.27609997149076	0.3312278468444747	0.43741446075156404	0.8360363048338222	0.43741446075156404	-0.3312278468444747	0.0
cur_kal_10m_20200214	KP0773_AC_WP10	2377	29.474690555187834	10.665649187629601	30.78401793814607	0.4855560724844519	0.1617957482028111	0.8591026925443583	0.1617957482028111	-0.4855560724844519	0.0
cur_kal_10m_20200214	KP0774_AC_WP10	49	32.42939013844486	-47.78571686677179	128.1669123724912	-0.3926106208090353	0.6811675082468146	-0.6179544693072213	-0.6811675082468146	-0.3926106208090353	0.0
cur_kal_10m_20200214	KP0775_HU_WP10	183	34.693014313060594	-52.55272292065584	124.08425201455256	-0.3879461560382435	0.7317355177579611	-0.5604113775313984	-0.7317355177579611	-0.3879461560382435	0.0
cur_kal_10m_20200214	KP0777_AC_WP10	3930	-58.13941718862016	27.871840612632163	120.55839764014627	0.8180588737155542	-0.26887273316115096	-0.5084162984186203	0.26887273316115096	0.8180588737155542	-0.0
cur_kal_10m_20200214	KP0778_AC_WP10	2987	-33.2821565188813	-47.685948649389196	128.00651932050073	0.40419844605466054	0.6763683590525144	-0.6157511340465456	-0.6763683590525144	0.40419844605466054	0.0
cur_kal_10m_20200214	KP0779_AC_WP10	2181	85.36397019743151	72.67481987863867	85.51247321543404	0.9648670775508555	0.2508180649831854	0.07824206628509983	0.2508180649831854	-0.9648670775508555	0.0
cur_kal_10m_20200214	KP0780_AC_WP10	4481	2.2943398552714807	47.07039653990098	47.09022649558884	0.027278225041753198	0.731918624670277	0.680845816098874	0.731918624670277	-0.027278225041753198	0.0
cur_kal_10m_20200214	KP0781_AC_WP10	216	1.984194697123468	5.440760641693802	5.787210296226463	0.03446800613349005	0.09476019977341892	0.9949032420753706	0.09476019977341892	-0.03446800613349005	0.0
cur_kal_10m_20200214	KP0782_AC_WP10	7002	-42.14999964392256	55.4336969843721	59.68875195259062	-0.4568294768386675	0.732521436029267	0.504697111987903	0.732521436029267	0.4568294768386675	-0.0
cur_kal_10m_20200214	KP0783_HU_WP10	331	56.61690515140126	-73.27009668241294	105.29500397317297	-0.4003138885210204	0.877589986587491	-0.26378894233562444	-0.877589986587491	-0.4003138885210204	0.0
cur_kal_10m_20200214	KP0784_AC_WP10	4217	-64.35016205454173	50.6834698161197	112.50110037376274	0.7969791765968743	-0.46729434226733346	-0.382701175535049	0.46729434226733346	0.7969791765968743	-0.0
cur_kal_10m_20200214	KP0785_AC_WP10	249	-28.624865941552958	-43.05456446043937	47.25621910445192	-0.3704329332916373	-0.6341271151089412	0.6787210353426253	-0.6341271151089412	0.3704329332916373	0.0
cur_kal_10m_20200214	KP0786_HU_WP10	138	0.8189352009633517	-14.241555746758028	14.263202708577213	0.01385346176261298	-0.2459868369848274	0.9691741626907888	-0.2459868369848274	-0.01385346176261298	0.0
cur_kal_10m_20200214	KP0787_AC_WP10	25529	42.715598384074916	28.031300127530013	46.824029173893656	0.6317447080539383	0.36429717697449115	0.6842413248951429	0.36429717697449115	-0.6317447080539383	0.0
cur_kal_10m_20200214	KP0788_AC_WP10	176	80.75833210176253	26.179042158062074	80.78725147356568	0.9839578191781416	0.07870664411590035	0.1601008252639838	0.07870664411590035	-0.9839578191781416	0.0
cur_kal_10m_20200214	KP0789_HU_WP10	83	-66.90162819103381	46.23242832365701	111.28715105559863	0.8512077496317043	-0.3790061572862642	-0.36304228363377933	0.3790061572862642	0.8512077496317043	-0.0
cur_kal_10m_20200214	KP0790_AC_WP10	1481	-67.98531402533511	69.97675788936007	74.85308295490809	-0.6462508687889166	0.7169970257059269	0.26129500515399257	0.7169970257059269	0.6462508687889166	-0.0
cur_kal_10m_20200214	KP0791_AC_WP10	311	-9.924594193436215	-24.424102963738456	25.9507334346499	-0.1573281559815168	-0.4083380796631174	0.8991706534537774	-0.4083380796631174	0.1573281559815168	0.0
cur_kal_10m_20200214	KP0792_AC_WP10	2983	68.2814815416807	-71.4982097494882	104.37092554619203	-0.6231086183897984	0.7417096652240321	-0.2481983525360528	-0.7417096652240321	-0.6231086183897984	0.0
cur_kal_10m_20200214	KP0793_AC_WP10	1962	3.2027629166428158	56.120620851865446	56.13932154274875	0.031177890303338115	0.8298093579177489	0.5571753482238481	0.8298093579177489	-0.031177890303338115	0.0
cur_kal_10m_20200214	KP0794_AC_WP10	473	-69.38092571635957	-18.295651857988524	110.47448371960144	0.9296619209905572	0.11565260229051144	-0.34979020604296474	-0.11565260229051144	0.9296619209905572	0.0
cur_kal_10m_20200214	KP0795_LM_WP10	9247	33.90793129462247	-7.782173161549233	34.44723209961424	0.5543058271515413	-0.11270127211772339	0.8246474842312274	-0.11270127211772339	-0.5543058271515413	0.0
cur_kal_10m_20200214	KP0797_AC_WP10	1433	14.097668111069314	0.6409024044532924	14.111088018706415	0.24356120428318728	0.0108487747309224	0.969824852153708	0.0108487747309224	-0.24356120428318728	0.0
cur_kal_10m_20200214	KP0799_AC_WP10	6740	17.048252634817956	-15.37158478902316	22.383821799477843	0.2835466941392102	-0.2541987372571592	0.9246535968780909	-0.2541987372571592	-0.2835466941392102	0.0
cur_kal_10m_20200214	KP0800_AC_WP10	1385	-7.691661781760782	-16.43389091302499	17.973525974557027	-0.12846622229851196	-0.280564634068971	0.9511991988212005	-0.280564634068971	0.12846622229851196	0.0
cur_kal_10m_20200214	KP0801_AC_WP10	1097	44.598403970345245	5.105686866765957	44.71551492442245	0.7007165909710787	0.06349125531387209	0.7106089780157149	0.06349125531387209	-0.7007165909710787	0.0
cur_kal_10m_20200214	KP0802_AC_WP10	650	-38.22901414850434	-33.50259677974656	45.81718667527236	-0.5490172972205473	-0.46134658479671403	0.6969500240684792	-0.46134658479671403	0.5490172972205473	0.0
cur_kal_10m_20200214	KP0803_HU_WP10	307	-38.44073740216928	16.537976008009117	40.28030514214749	-0.6055433088562774	0.22652861822498294	0.7628906122272519	0.22652861822498294	0.6055433088562774	-0.0
cur_kal_10m_20200214	KP0804_AC_WP10	2637	5.9525526723294755	-62.872426563734926	117.0944589236626	-0.04748934577547969	0.888989331805002	-0.4554588125996827	-0.888989331805002	-0.04748934577547969	0.0
cur_kal_10m_20200214	KP0805_HU_WP10	963	-20.70649211516933	-66.13251864551518	113.57639542664619	0.1511884205871795	0.9039717243757952	-0.399971477744858	-0.9039717243757952	0.1511884205871795	0.0
cur_kal_10m_20200214	KP0806_AC_WP10	660	78.73652775354456	-8.635482639622403	78.74154464920204	0.9803081847798524	-0.029650210381316648	0.19523505801462615	-0.029650210381316648	-0.9803081847798524	0.0
cur_kal_10m_20200214	KP0807_AC_WP10	7555	-46.87817048770334	-76.48897350330543	103.1019707274002	0.24205575073590654	0.9434103091531899	-0.22668480787022152	-0.9434103091531899	0.24205575073590654	0.0
cur_kal_10m_20200214	KP0808_AC_WP10	8465	69.13353152604121	-34.84296633559703	69.77413133581543	0.9069484284988601	-0.24066766459378824	0.34572188716137103	-0.24066766459378824	-0.9069484284988601	0.0
cur_kal_10m_20200214	KP0809_AC_WP10	457	0.6405392154830705	-1.908150460672177	2.0126406232597445	0.011173087169490493	-0.0332952737685352	0.9993831031530307	-0.0332952737685352	-0.011173087169490493	0.0
cur_kal_10m_20200214	KP0810_AC_WP10	939	66.97002055092041	-29.567029686464675	67.54737214357516	0.898438492334985	-0.2166698369459443	0.38191943816550794	-0.2166698369459443	-0.898438492334985	0.0
cur_kal_10m_20200214	KP0811_AC_WP10	661	-0.9402016980785173	-19.299424383885963	19.31903742608697	-0.015486997679923838	-0.33046527319942126	0.9436910808692078	-0.33046527319942126	0.015486997679923838	0.0
cur_kal_10m_20200214	KP0812_AC_WP10	3789	-89.34461515416037	89.59198001729618	89.65361706272945	-0.5284921101271456	0.8489166870980682	0.006045485902525586	0.8489166870980682	0.5284921101271456	-0.0
cur_kal_10m_20200214	KP0813_AC_WP10	7789	29.11495533414353	-59.14633249372655	119.54630710420601	-0.27463948888890727	0.8254690061166892	-0.4931268306263261	-0.8254690061166892	-0.27463948888890727	0.0
cur_kal_10m_20200214	KP0815_AC_WP10	16531	31.28764426199203	-38.209276869065164	44.84121918328664	0.43090803819711626	-0.5581639801750794	0.7090636317371143	-0.5581639801750794	-0.43090803819711626	0.0
cur_kal_10m_20200214	KP0816_AC_WP10	2108	-42.77097503180146	-39.6470420848175	51.15934938962877	-0.5801635040614489	-0.5196969578520899	0.6271565837607259	-0.5196969578520899	0.5801635040614489	0.0
cur_kal_10m_20200214	KP0817_AC_WP10	3773	27.85250223163855	-18.991856161506345	32.23600986892103	0.4469614111271127	-0.2911178223870569	0.8458580912019923	-0.2911178223870569	-0.4469614111271127	0.0
cur_kal_10m_20200214	KP0819_AC_WP10	1919	4.424042194563641	-18.07229580614288	18.539479315750444	0.0733528957848205	-0.30938108177651835	0.9481047932157988	-0.30938108177651835	-0.0733528957848205	0.0
cur_kal_10m_20200214	KP0820_AC_WP10	279	-76.01922342914068	60.97203576017044	102.79801860523507	0.889718821099906	-0.39916365545294225	-0.22151477500617942	0.39916365545294225	0.889718821099906	-0.0
cur_kal_10m_20200214	KP0823_AC_WP10	8191	-15.991564350355596	3.383133868782076	16.310508970715087	-0.27505205633717567	0.056736367507651	0.9597537970264707	0.056736367507651	0.27505205633717567	-0.0
cur_kal_10m_20200214	KP0824_AC_WP10	13054	-44.90966275751502	-65.61430537020239	112.4454444995884	0.3806014942022771	0.8422401912588415	-0.3818035657759944	-0.8422401912588415	0.3806014942022771	0.0
cur_kal_10m_20200214	KP0825_AC_WP10	2908	-67.14884219500392	73.03012465529558	76.11701125869529	-0.5693706723003586	0.7862861556038617	0.2399398237682472	0.7862861556038617	0.5693706723003586	-0.0
cur_kal_10m_20200214	KP0831_HU_WP10	314	68.07502022853502	-30.829922435238856	68.6261311286318	0.9054622191101499	-0.21751511447488994	0.3644521158384161	-0.21751511447488994	-0.9054622191101499	0.0
cur_kal_10m_20200214	KP0833_AC_WP10	1744	24.903449786825792	58.60267553738283	59.5777025078682	0.23508590193193324	0.8296533396627889	0.5063693856259779	0.8296533396627889	-0.23508590193193324	0.0
cur_kal_10m_20200214	KP0835_AC_WP10	3520	22.341073572009464	-62.32388730012334	117.14445297685856	-0.18749797886751174	0.8698814453907227	-0.4562354423820505	-0.8698814453907227	-0.18749797886751174	0.0
cur_kal_10m_20200214	KP0837_AC_WP10	10948	64.06112206155542	39.1990739011888	65.67054973222103	0.8469818913718239	0.3359938593266163	0.41198276927926736	0.3359938593266163	-0.8469818913718239	0.0
cur_kal_10m_20200214	KP0845_AC_WP10	227	-44.213363649235	73.9929338370438	74.55356913210352	-0.25912260600739845	0.9283964210766829	0.26633730566321556	0.9283964210766829	0.25912260600739845	-0.0
cur_kal_10m_20200214	KP0849_AC_WP10	9878	-72.53561420966763	-51.978622505954846	106.27110187554341	0.8905554236044819	0.3583416806179958	-0.28018257872414526	-0.3583416806179958	0.8905554236044819	0.0
cur_kal_10m_20200214	KP0851_AC_WP10	2640	76.58417833298677	-26.489404365389174	76.67461105064233	0.9662740975190554	-0.11486034994542595	0.23048095034980493	-0.11486034994542595	-0.9662740975190554	0.0
cur_kal_10m_20200214	KP0853_AC_WP10	689	-30.326015628785175	63.00937415013719	63.9822394946197	-0.25659346276582295	0.8612468904842252	0.43864973326915097	0.8612468904842252	0.25659346276582295	-0.0
cur_kal_10m_20200214	KP0855_AC_WP10	2826	30.536904992364303	57.93988163678822	59.56534956316015	0.298823524930122	0.8087683476658978	0.5065552889489064	0.8087683476658978	-0.298823524930122	0.0
cur_kal_10m_20200214	KP0857_AC_WP10	35164	2.3258770294689493	5.909980496928554	6.345178026417501	0.04036771319144615	0.10288187674364453	0.9938741203841654	0.10288187674364453	-0.04036771319144615	0.0
cur_kal_10m_20200214	KP0859_HU_WP10	348	-53.80522045167157	-35.75409669631872	122.91870392372444	0.742670200080601	0.3912859441270371	-0.5434485107541039	-0.3912859441270371	0.742670200080601	0.0
cur_kal_10m_20200214	KP0861_AC_WP10	1602	81.26892969071895	85.46118554461711	85.96620238000527	0.45804463875190937	0.8861414691430098	0.0703449044046607	0.8861414691430098	-0.45804463875190937	0.0
cur_kal_10m_20200214	KP0863_AC_WP10	1856	-73.0402717663847	-44.061119364189	106.30367876268194	0.9205346333331429	0.27167552570495773	-0.28072833410105064	-0.27167552570495773	0.9205346333331429	0.0
cur_kal_10m_20200214	KP0879_AC_WP10	2752	84.00349719388988	49.9066235431815	84.04930323230896	0.9869587199488132	0.12314410215960844	0.10367263486718087	0.12314410215960844	-0.9869587199488132	0.0
cur_kal_10m_20200214	KP0881_AC_WP10	5597	47.131980421610365	6.978068127367152	47.3151270538823	0.7303950256042236	0.08298029645889367	0.6779656163642811	0.08298029645889367	-0.7303950256042236	0.0
cur_kal_10m_20200214	KP0883_AC_WP10	8539	76.20149829040562	-51.075389431772756	76.77701568286442	0.9313733219296285	-0.28323330471548597	0.22874140486084574	-0.28323330471548597	-0.9313733219296285	0.0
cur_kal_10m_20200214	KP0885_AC_WP10	5451	-66.36489052478234	68.96134360443841	73.88568229898647	-0.6342380327535009	0.7215992565399625	0.2775547347280221	0.7215992565399625	0.6342380327535009	-0.0
cur_kal_10m_20200214	KP0887_AC_WP10	7956	22.513027281326206	27.17368142464147	33.41638891073873	0.3459624365471966	0.4284880159461839	0.8346903693519112	0.4284880159461839	-0.3459624365471966	0.0
cur_kal_10m_20200214	KP0889_LM_WP10	16069	50.804859067825895	32.87970602961812	54.19493803513274	0.7174410432031353	0.37817857459674314	0.5850293285328286	0.37817857459674314	-0.7174410432031353	0.0
cur_kal_10m_20200214	KP0891_AC_WP10	350	24.07348700014155	13.047386749650055	26.71577256472653	0.3990730437285175	0.20700076234163106	0.893247664513734	0.20700076234163106	-0.3990730437285175	0.0
cur_kal_10m_20200214	KP0893_LM_WP10	3484	6.622805590740484	38.92377671839002	39.210573435304	0.08996318981173287	0.6257383181488547	0.7748278400258606	0.6257383181488547	-0.08996318981173287	0.0
cur_kal_10m_20200214	KP0895_AC_WP10	3961	17.78538491173454	51.21606996501502	52.11267177335948	0.1969965833811895	0.764238466477008	0.6141106679524542	0.764238466477008	-0.1969965833811895	0.0
cur_kal_10m_20200214	KP0899_HU_WP10	82	33.68957133002872	12.064440371420572	34.99502162807127	0.5461243382338491	0.17508994595229982	0.8192018786691478	0.17508994595229982	-0.5461243382338491	0.0
cur_kal_10m_20200214	KP0903_HU_WP10	275	49.81694776564431	16.86975272610067	50.711597210630046	0.7497694252352137	0.19202314255404215	0.633224227036622	0.19202314255404215	-0.7497694252352137	0.0
cur_sna_05m_20200303	KP0130_AC_SB05	469	-33.828922037931534	-59.06232444486951	119.0822370436256	0.3257472362350641	0.8109439380524688	-0.4860644683796287	-0.8109439380524688	0.3257472362350641	0.0
cur_sna_05m_20200303	KP0132_HU_SB05	405	23.831823015424416	65.45160534299403	65.88072125137299	0.1805018310750307	0.8946700020984407	0.40863758554951496	0.8946700020984407	-0.1805018310750307	0.0
cur_sna_05m_20200303	KP0133_HU_SB05	438	13.358339747605111	41.79339681291312	42.76573004459858	0.17433189970256	0.6562412220619327	0.7341361230812427	0.6562412220619327	-0.17433189970256	0.0
cur_sna_05m_20200303	KP0134_HU_SB05	109	-14.958317983338551	61.55075247999599	61.79888013612875	-0.12625581247638046	0.8722035109542412	0.47256799012948825	0.8722035109542412	0.12625581247638046	-0.0
cur_sna_05m_20200303	KP0135_HU_SB05	681	-16.86965624982995	57.3178442352874	57.799646697793065	-0.1615935623995813	0.8306171404549766	0.5328814939303206	0.8306171404549766	0.1615935623995813	-0.0
cur_sna_05m_20200303	KP0137_HU_SB05	250	89.56141435784333	-87.75730374546468	89.56955984455317	0.9813994301587009	-0.19182992576256813	0.007512527278130198	-0.19182992576256813	-0.9813994301587009	0.0
cur_sna_05m_20200303	KP0138_HU_SB05	45	-88.50016241595992	-89.1940086333921	90.71000701628739	0.4732690218875674	0.8808307897124431	-0.012391642995947942	-0.8808307897124431	0.4732690218875674	0.0
cur_sna_05m_20200303	KP0139_HU_SB05	107	72.8386188638607	-86.12922937051864	93.78134352689275	-0.2135562376325078	0.974702243410519	-0.06594899588886126	-0.974702243410519	-0.2135562376325078	0.0
cur_sna_05m_20200303	KP0140_HU_SB05	199	75.25081207441774	0.5853657885256672	75.25086310098018	0.9670462759911205	0.0026010978355430646	0.2545873806412158	0.0026010978355430646	-0.9670462759911205	0.0
cur_sna_10m_20200303	KP0051_AC_SB10	5485	-19.291595109625703	49.99121753821869	51.15471804683995	-0.21954587250925955	0.7472584939737	0.6272195413476093	0.7472584939737	0.21954587250925955	-0.0
cur_sna_10m_20200303	KP0052_AC_SB10	3323	1.4760592880856747	62.69704510891327	62.69911081036049	0.011818743214192254	0.8885315149945725	0.4586633451348457	0.8885315149945725	-0.011818743214192254	0.0
cur_sna_10m_20200303	KP0053_AC_SB10	475	-52.136913620684794	-58.28673700044044	115.81504509102423	0.5601267430197073	0.7047170296295032	-0.435467495806868	-0.7047170296295032	0.5601267430197073	0.0
cur_sna_10m_20200303	KP0054_AC_SB10	259	-40.8102428651131	-54.023621130504665	121.59441989119874	0.45238436512502467	0.7217160676647774	-0.5239029527163586	-0.7217160676647774	0.45238436512502467	0.0
cur_sna_10m_20200303	KP0056_AC_SB10	179	-70.8770214990551	64.07679127332345	105.76298891911635	0.7834869630762509	-0.5588826056852974	-0.2716586309174915	0.5588826056852974	0.7834869630762509	-0.0
cur_sna_10m_20200303	KP0057_AC_SB10	2790	8.926372000790055	-23.45729743838111	24.7723049931312	0.14261409557491248	-0.39399659471435794	0.9079801226331112	-0.39399659471435794	-0.14261409557491248	0.0
cur_sna_10m_20200303	KP0058_AC_SB10	3560	-30.58992546389848	-16.676810278506665	33.533764837902474	-0.49276844614567233	-0.2497124152034385	0.8335604166324388	-0.2497124152034385	0.49276844614567233	0.0
cur_sna_10m_20200303	KP0059_AC_SB10	195	59.277269005446605	79.74912812636059	80.18431008105449	0.2868606215100006	0.9426811652269619	0.17047933761378098	0.9426811652269619	-0.2868606215100006	0.0
cur_sna_10m_20200303	KP0061_AC_SB10	5657	-64.50563331152328	-17.687364817248543	115.24083605355393	0.8942429227008277	0.135985673883091	-0.42642407495126594	-0.135985673883091	0.8942429227008277	0.0
cur_sna_10m_20200303	KP0062_AC_SB10	3337	-20.44317204507036	-33.686909718818335	37.37007700250509	-0.29623991517288606	-0.5297578790523197	0.7947317171475851	-0.5297578790523197	0.29623991517288606	0.0
cur_sna_10m_20200303	KP0064_AC_SB10	2784	71.5666451695981	70.06535979911432	76.2115586571663	0.7150789301564915	0.657158535645126	0.23833753937431068	0.657158535645126	-0.7150789301564915	0.0
cur_sna_10m_20200303	KP0065_AC_SB10	759	-59.905055179010915	-45.74392996034015	116.47821209543594	0.7693009140332913	0.4575884896391649	-0.4458574635657573	-0.4575884896391649	0.7693009140332913	0.0
cur_sna_10m_20200303	KP0066_AC_SB10	4478	25.80764348992525	0.5618679702767244	25.812260356550063	0.43533423597194426	0.008828296950918116	0.9002256184777624	0.008828296950918116	-0.43533423597194426	0.0
cur_sna_10m_20200303	KP0067_LM_SB10	1554	87.701927873403	-89.47834470209473	90.50872689042652	-0.22124953079713733	0.9751768102640123	-0.008878842568352705	-0.9751768102640123	-0.22124953079713733	0.0
cur_sna_10m_20200303	KP0068_AC_SB10	1339	1.7879058546382092	-20.496031026575835	20.561408757794773	0.02922646696531161	-0.34999292016529066	0.9362963043091103	-0.34999292016529066	-0.02922646696531161	0.0
cur_sna_10m_20200303	KP0069_AC_SB10	40252	45.673071132453046	-3.592671853582824	45.726828463828724	0.7146769438687339	-0.04382983920402367	0.6980800893148262	-0.04382983920402367	-0.7146769438687339	0.0
cur_sna_10m_20200303	KP0070_AC_SB10	2612	61.77650751464947	-70.82271056712561	106.27103970954904	-0.5220222948637694	0.8055997951143669	-0.2801815371805462	-0.8055997951143669	-0.5220222948637694	0.0
cur_sna_10m_20200303	KP0071_AC_SB10	1636	49.078422520754565	-53.46992701750757	119.38673021152023	-0.5660509519079594	0.6624182216566091	-0.49070196602559935	-0.6624182216566091	-0.5660509519079594	0.0
cur_sna_10m_20200303	KP0072_AC_SB10	1306	-2.962868405291721	-45.64165425984438	134.32171129194526	0.03616257947456697	0.714513493949784	-0.6986864352550559	-0.714513493949784	0.03616257947456697	0.0
cur_sna_10m_20200303	KP0073_HU_SB10	161	36.57094900248754	-6.461655687109303	36.88729342578642	0.5933681422742868	-0.09058555413146996	0.7998177949487347	-0.09058555413146996	-0.5933681422742868	0.0
cur_sna_10m_20200303	KP0074_AC_SB10	1022	-48.365966497120716	57.37148409660832	62.54780835573582	-0.518625350584081	0.7200687991663505	0.46100831901243294	0.7200687991663505	0.518625350584081	-0.0
cur_sna_10m_20200303	KP0076_AC_SB10	1211	27.344865646579887	-4.516006099189537	27.61529894801159	0.4582189517805659	-0.06998506896382348	0.8860798397160655	-0.06998506896382348	-0.4582189517805659	0.0
cur_sna_10m_20200303	KP0077_AC_SB10	541	-60.87651664464951	39.79011994643697	116.81079966928816	0.8095882893851102	-0.3756654224867203	-0.4510457759899377	0.3756654224867203	0.8095882893851102	-0.0
cur_sna_10m_20200303	KP0078_AC_SB10	584	-50.62066628131777	-22.10512180483872	127.90694525256423	0.7485097708488812	0.24953817045546525	-0.6143808464051387	-0.24953817045546525	0.7485097708488812	0.0
cur_sna_10m_20200303	KP0079_LM_SB10	716	73.0252476680272	-77.49195323109073	100.1737572802588	-0.5786554415612887	0.7962150034175813	-0.17663393865350746	-0.7962150034175813	-0.5786554415612887	0.0
cur_sna_10m_20200303	KP0082_AC_SB10	5741	8.783669828641372	11.23070970716872	14.122466384833963	0.14984630844747443	0.19256112355182414	0.969776416263627	0.19256112355182414	-0.14984630844747443	0.0
cur_sna_10m_20200303	KP0083_AC_SB10	5862	-16.91015504888135	7.956014738640619	18.500348715606076	-0.288305773953812	0.13253561219074655	0.9483217239977778	0.13253561219074655	0.288305773953812	-0.0
cur_sna_10m_20200303	KP0084_AC_SB10	384	-21.744848813175203	-13.249671571323015	24.852249056735495	-0.36191917474688307	-0.21365757545960737	0.9073945952005982	-0.21365757545960737	0.36191917474688307	0.0
cur_sna_10m_20200303	KP0085_AC_SB10	1384	-15.720659363687396	3.440403341624234	16.05714112058564	-0.27049499555887235	0.05777318819197119	0.9609863246184831	0.05777318819197119	0.27049499555887235	-0.0
cur_sna_10m_20200303	KP0086_LM_SB10	4794	-35.19890652431801	-20.209410490216044	38.50817465068156	-0.5519843004969749	-0.2880569860978473	0.7825193318794685	-0.2880569860978473	0.5519843004969749	0.0
cur_sna_10m_20200303	KP0087_AC_SB10	1462	31.67998083333759	7.788939314539681	32.297289359749975	0.5216520478295653	0.1156236949111704	0.8452871122703276	0.1156236949111704	-0.5216520478295653	0.0
cur_sna_10m_20200303	KP0088_AC_SB10	5483	36.9907069739307	79.84139346955459	79.93081198590772	0.13170487355910201	0.9757488188237573	0.17483726389080592	0.9757488188237573	-0.13170487355910201	0.0
cur_sna_10m_20200303	KP0089_AC_SB10	5868	3.835908202673888	-4.529148367061235	5.924982431525718	0.06669124956968338	-0.07879044656885457	0.9946579023766486	-0.07879044656885457	-0.06669124956968338	0.0
cur_sna_10m_20200303	KP0090_AC_SB10	354	2.720271931637389	5.128672446291522	5.798663318263951	0.047270284659073826	0.08929280416081246	0.9948830661506651	0.08929280416081246	-0.047270284659073826	0.0
cur_sna_10m_20200303	KP0091_HU_SB10	178	-24.053197525463602	-13.23541351584279	26.771836309786636	-0.3984971163620157	-0.2099883414726375	0.892807339069706	-0.2099883414726375	0.3984971163620157	0.0
cur_sna_10m_20200303	KP0092_HU_SB10	304	89.89629901231264	-86.10461771992229	89.89633562644366	0.9996452889703796	-0.02657108827289119	0.0018092836484570778	-0.02657108827289119	-0.9996452889703796	0.0
cur_sna_10m_20200303	KP0093_HU_SB10	314	-28.171603543537646	51.27664967632501	53.61860555426621	-0.3176698573254213	0.7397635171932347	0.5931574836219645	0.7397635171932347	0.3176698573254213	-0.0
cur_sna_10m_20200303	KP0094_HU_SB10	674	23.899748457079994	46.73914373346828	49.023537467192355	0.29058448509013374	0.6968170436588612	0.6557489341900806	0.6968170436588612	-0.29058448509013374	0.0
cur_sna_10m_20200303	KP0095_AC_SB10	378	18.443823695696505	30.41715129836971	34.02768922338717	0.27639838872111167	0.48656839171625493	0.8287672356548794	0.48656839171625493	-0.27639838872111167	0.0
cur_sna_10m_20200303	KP0098_AC_SB10	635	-16.60008849459388	29.671477102615718	32.741521473402074	-0.25074989568716144	0.47921104237292006	0.8411190561868974	0.47921104237292006	0.25074989568716144	-0.0
cur_sna_10m_20200303	KP0099_AC_SB10	161	-32.54886905040698	66.5306876567982	67.29523508909497	-0.24636122008029265	0.8890013815438255	0.3859827623789944	0.8890013815438255	0.24636122008029265	-0.0
cur_sna_10m_20200303	KP0100_AC_SB10	630	39.0205822552991	-66.99512241512542	111.87427788214673	-0.3019238809119698	0.8775150519622347	-0.3725712062341521	-0.8775150519622347	-0.3019238809119698	0.0
cur_sna_10m_20200303	KP0101_AC_SB10	3022	-78.52471957237742	-75.98145562643255	98.95105169244067	0.7664447537442122	0.6231805512000269	-0.1555906168893369	-0.6231805512000269	0.7664447537442122	0.0
cur_sna_10m_20200303	KP0102_AC_SB10	15036	-45.48271493431124	-51.46849762161542	121.75099512755672	0.5351711608509843	0.6608140370542208	-0.5262286927045245	-0.6608140370542208	0.5351711608509843	0.0
cur_sna_10m_20200303	KP0103_AC_SB10	1325	-63.243424648998364	-79.3586096762161	99.98539531311151	0.3439154281288561	0.9228518887229354	-0.17339714465773734	-0.9228518887229354	0.3439154281288561	0.0
cur_sna_10m_20200303	KP0104_AC_SB10	1774	-59.595593638835744	-49.40326420434249	115.83521924344389	0.7426457257749427	0.5084970517529305	-0.435784435640818	-0.5084970517529305	0.7426457257749427	0.0
cur_sna_10m_20200303	KP0105_AC_SB10	950	62.9213621826475	64.09185419795168	70.60035539543672	0.6496855310413256	0.6837993710894152	0.33215528123645804	0.6837993710894152	-0.6496855310413256	0.0
cur_sna_10m_20200303	KP0107_AC_SB10	4006	41.320778935588685	53.46996920587807	58.17054746889757	0.4636647176965892	0.7119494833285691	0.5273926077899895	0.7119494833285691	-0.4636647176965892	0.0
cur_sna_10m_20200303	KP0108_AC_SB10	1579	25.16395980377308	-8.44080060714495	26.228355038057845	0.4214258757241362	-0.13311609196143642	0.8970397635172362	-0.13311609196143642	-0.4214258757241362	0.0
cur_sna_10m_20200303	KP0109_LM_SB10	4067	12.376793886550649	21.944151888239386	24.64457227094998	0.199451371222799	0.3661941221095865	0.9089119954372561	0.3661941221095865	-0.199451371222799	0.0
cur_sna_10m_20200303	KP0112_AC_SB10	1254	-28.29982568331606	36.46947804367453	42.44174878034691	-0.3973496768436052	0.5454563657198601	0.7379638117197648	0.5454563657198601	0.3973496768436052	-0.0
cur_sna_10m_20200303	KP0113_LM_SB10	4112	63.699661907741536	71.05718659735858	74.25652813095404	0.5489879764487363	0.7905642320138095	0.2713307884762384	0.7905642320138095	-0.5489879764487363	0.0
cur_sna_10m_20200303	KP0116_AC_SB10	3076	-50.686250517270615	-22.006689278433512	127.86217917839123	0.7495062758169706	0.24806018862477863	-0.6137641935877446	-0.24806018862477863	0.7495062758169706	0.0
cur_sna_10m_20200303	KP0117_AC_SB10	1753	14.9509832760953	-40.77566501002923	42.07667200761987	0.19820452044188358	-0.6401419923171945	0.7422487438511269	-0.6401419923171945	-0.19820452044188358	0.0
cur_sna_10m_20200303	KP0119_AC_SB10	6341	14.858524701663946	-14.379682202597321	20.25100847468829	0.24890471616530807	-0.24053043627291396	0.9381852437003201	-0.24053043627291396	-0.24890471616530807	0.0
cur_sna_10m_20200303	KP0121_AC_SB10	702	-48.31448134926426	-68.64847990890551	109.69478079778442	0.37844370077783646	0.8620933619491443	-0.3370094963421614	-0.8620933619491443	0.37844370077783646	0.0
cur_sna_10m_20200303	KP0122_AC_SB10	1499	-52.77353547461673	-84.04910495625683	95.89605779727815	0.1352042770921109	0.985478342448212	-0.10272409659629242	-0.985478342448212	0.1352042770921109	0.0
cur_sna_10m_20200303	KP0123_AC_SB10	10086	8.031346988645035	3.0405448319492363	8.573672347202232	0.1395220115678725	0.05252380268854678	0.9888249887817304	0.05252380268854678	-0.1395220115678725	0.0
cur_sna_10m_20200303	KP0124_AC_SB10	1852	-25.302779322983433	-56.68894167393026	122.1109539401889	0.2512990561798189	0.8088833000575014	-0.5315605245418609	-0.8088833000575014	0.2512990561798189	0.0
cur_sna_10m_20200303	KP0125_AC_SB10	610	-35.64249303928706	-0.343285101485999	35.64344021694728	-0.5827189332318748	-0.004869069387417426	0.8126591764180149	-0.004869069387417426	0.5827189332318748	0.0
cur_sna_10m_20200303	KP0126_AC_SB10	7645	-19.86297720984536	15.638829395410248	24.561793695197217	-0.32857473145179633	0.254605284135461	0.9095134936556363	0.254605284135461	0.32857473145179633	-0.0
cur_sna_10m_20200303	KP0127_AC_SB10	5553	-0.17905798166859424	-5.396455274916787	5.399390122391904	-0.003111295059123792	-0.09404626538854774	0.9955629662706031	-0.09404626538854774	0.003111295059123792	0.0
cur_sna_10m_20200303	KP0128_LM_SB10	274	27.274036068598488	-37.25017260502646	42.574358734551055	0.3796618433898479	-0.5599750216313446	0.7363999319817986	-0.5599750216313446	-0.3796618433898479	0.0
cur_sna_10m_20200303	KP0129_AC_SB10	1657	69.31811366820163	-38.53345980351787	70.12394424955916	0.9006093239122385	-0.27076184913969087	0.3399865684593971	-0.27076184913969087	-0.9006093239122385	0.0
cur_sna_20m_20200303	KP0613_LM_SB20	15916	-40.68811955923327	0.1767137073306444	40.68830180205016	-0.6519394056507362	0.0023386832353968334	0.7582674606763032	0.0023386832353968334	0.6519394056507362	-0.0
cur_sna_20m_20200303	KP0614_LM_SB20	7913	-17.892118083609645	-45.67189518404125	132.97170201116558	0.22005922615136528	0.6978143354360268	-0.6816370663671677	-0.6978143354360268	0.22005922615136528	0.0
cur_sna_20m_20200303	KP0615_AC_SB20	224	-1.346122692250635	12.095811455809775	12.166155770393297	-0.022970831349642333	0.20949179058197692	0.9775405518881881	0.20949179058197692	0.022970831349642333	-0.0
cur_sna_20m_20200303	KP0616_LM_SB20	3749	-10.502325108480148	-11.105785714669544	15.109442775516413	-0.1789723396996861	-0.18951101706933074	0.9654296846646927	-0.18951101706933074	0.1789723396996861	0.0
cur_sna_20m_20200303	KP0617_LM_SB20	19935	-46.44037455321702	10.294965465151792	133.13921720075896	0.7190467030768893	-0.12420061879523174	-0.6837733872308407	0.12420061879523174	0.7190467030768893	-0.0
cur_sna_20m_20200303	KP0618_LM_SB20	7488	-48.17888742338121	-57.76022615090988	117.27145313649824	0.5120964771589905	0.7265010440571342	-0.45820675580489356	-0.7265010440571342	0.5120964771589905	0.0
cur_sna_20m_20200303	KP0619_AC_SB20	2118	10.445619083191295	-40.48723692849145	41.13314686086833	0.13885491874136918	-0.6429889111803697	0.7531829602695551	-0.6429889111803697	-0.13885491874136918	0.0
cur_sna_20m_20200303	KP0620_LM_SB20	10419	21.37836392528436	22.166231652661104	29.4662546132788	0.34082305503754545	0.3547054302846717	0.8706455667385208	0.3547054302846717	-0.34082305503754545	0.0
cur_sna_20m_20200303	KP0621_LM_SB20	7427	-46.46673864982403	-43.20503958365697	125.33195584578205	0.6087063608706085	0.5431675256612492	-0.578312722757071	-0.5431675256612492	0.6087063608706085	0.0
cur_sna_20m_20200303	KP0623_LM_SB20	29813	-54.32638115190266	-9.177459687040209	125.49247274365389	0.8087703879866222	0.09380164716868546	-0.5805959959424544	-0.09380164716868546	0.8087703879866222	0.0
cur_sna_20m_20200303	KP0624_AC_SB20	15886	-21.501925820898315	-0.8139361812664704	21.514626045862098	-0.3665004838775078	-0.013216947142395912	0.930323979926234	-0.013216947142395912	0.3665004838775078	0.0
cur_sna_20m_20200303	KP0626_AC_SB20	8639	-19.792266965112958	-4.193629906006291	20.16644634291365	-0.3378079151147905	-0.06882853214975299	0.9386950759687135	-0.06882853214975299	0.3378079151147905	0.0
cur_sna_20m_20200303	KP0628_AC_SB20	1067	-4.565978235330359	-40.903343247304726	41.023347249979025	-0.0602501166113957	-0.6535953769623661	0.754442182451204	-0.6535953769623661	0.0602501166113957	0.0
cur_sna_20m_20200303	KP0629_LM_SB20	5092	-42.94599328423212	-38.6393311420062	50.81859197900226	-0.5880299559280491	-0.5050520506886556	0.6317778066903273	-0.5050520506886556	0.5880299559280491	0.0
cur_sna_20m_20200303	KP0630_AC_SB20	268	-68.56755183536697	3.613910252837911	111.42646110806366	0.9306012362792333	-0.023072193355869314	-0.36530673813839243	0.023072193355869314	0.9306012362792333	-0.0
cur_sna_20m_20200303	KP0631_LM_SB20	11054	-4.420331096469075	-0.3153604968640913	4.431477436359876	-0.07707166152996821	-0.005487679717135099	0.9970104534859864	-0.005487679717135099	0.07707166152996821	0.0
cur_sna_20m_20200303	KP0632_AC_SB20	98	10.227730825769761	23.77605053486478	25.4576638649875	0.16290910428980027	0.3977769915713435	0.9029031447037641	0.3977769915713435	-0.16290910428980027	0.0
cur_sna_20m_20200303	KP0633_AC_SB20	8023	-41.52113287506132	-34.095344931992	48.09988243310305	-0.5912889580293521	-0.4520785396781027	0.6678340827444172	-0.4520785396781027	0.5912889580293521	0.0
cur_sna_20m_20200303	KP0635_AC_SB20	3916	-21.105307932609847	74.41528747943953	74.5005042350244	-0.10314387837239601	0.9580968235325487	0.26722989557895754	0.9580968235325487	0.10314387837239601	-0.0
cur_sna_20m_20200303	KP0636_AC_SB20	1609	-84.0035291118903	-84.90909548276603	93.88684675601445	0.6453254744688517	0.7608942475112441	-0.06778625307427148	-0.7608942475112441	0.6453254744688517	0.0
cur_sna_20m_20200303	KP0637_LM_SB20	18362	-50.447570102145676	-22.12941008858821	128.05742596838027	0.7464221389230569	0.25068345677028286	-0.6164509672530578	-0.25068345677028286	0.7464221389230569	0.0
cur_sna_20m_20200303	KP0638_AC_SB20	9667	-19.017848533222104	-2.0734393482160565	19.114899096296902	-0.32567196663538445	-0.034207989587371965	0.9448637910282262	-0.034207989587371965	0.32567196663538445	0.0
cur_sna_20m_20200303	KP0639_LM_SB20	53409	-52.60108852678695	-24.843178223498445	125.78071649982208	0.7647659138647953	0.27069712583668915	-0.5846846697616587	-0.27069712583668915	0.7647659138647953	0.0
cur_sna_20m_20200303	KP0640_AC_SB20	13706	-25.494430201699974	32.79337446837182	38.714399767695795	-0.3720781428020546	0.5027240986829725	0.7802732446088144	0.5027240986829725	0.3720781428020546	-0.0
cur_sna_20m_20200303	KP0641_LM_SB20	5129	-56.8906178888442	-30.654689830981614	121.31097556685827	0.7969065059139251	0.3080094586569081	-0.5196827822912145	-0.3080094586569081	0.7969065059139251	0.0
cur_sna_20m_20200303	KP0642_AC_SB20	480	-37.33961369368447	-70.16266204720465	109.17899343557968	0.2506246059857072	0.9106380531748884	-0.3285203844274478	-0.9106380531748884	0.2506246059857072	0.0
cur_sna_20m_20200303	KP0643_AC_SB20	4811	17.966098709128953	-27.65291103671109	31.640831138609126	0.27606464707889705	-0.4460783108960008	0.8513533057323353	-0.4460783108960008	-0.27606464707889705	0.0
cur_sna_20m_20200303	KP0644_AC_SB20	2541	-38.26841789695835	17.653439397881268	40.3855922460732	-0.6008739771268535	0.24240802769791697	0.7617012614663071	0.24240802769791697	0.6008739771268535	-0.0
cur_sna_20m_20200303	KP0646_AC_SB20	786	44.20014364474444	-37.89605263946196	51.241785424830674	0.6087957608776075	-0.4872859028848721	0.6260352788678368	-0.4872859028848721	-0.6087957608776075	0.0
cur_sna_20m_20200303	KP0647_AC_SB20	1630	20.747733743850347	-65.34189957681627	114.3360493641044	-0.15610742969447983	0.8976715359379541	-0.41208771391656074	-0.8976715359379541	-0.15610742969447983	0.0
cur_sna_20m_20200303	KP0648_AC_SB20	2836	-74.58532695933077	-86.61976557359674	93.30541472162925	0.20911821790519225	0.9761890609739399	-0.0576583747167226	-0.9761890609739399	0.20911821790519225	0.0
cur_sna_20m_20200303	KP0649_AC_SB20	6504	-20.39911905472858	14.166547893687733	24.201721468704875	-0.3391938864376668	0.23023220776456144	0.9121077995013347	0.23023220776456144	0.3391938864376668	-0.0
cur_sna_20m_20200303	KP0650_LM_SB20	21943	-70.85878707040246	-73.45567555765275	102.71772964420887	0.6342737985123221	0.7411015979538201	-0.22014806388211614	-0.7411015979538201	0.6342737985123221	0.0
cur_sna_20m_20200303	KP0651_AC_SB20	785	-20.902708224751688	-9.685215350028985	22.700324201034753	-0.35233217169321895	-0.15744695368780603	0.9225359058401845	-0.15744695368780603	0.35233217169321895	0.0
cur_sna_20m_20200303	KP0652_AC_SB20	895	-42.7293489348031	42.00291681852033	52.21784883676402	-0.565928511293888	0.5516988068670186	0.6126608740618189	0.5516988068670186	0.565928511293888	-0.0
cur_sna_20m_20200303	KP0654_AC_SB20	11624	-15.27306823952371	-9.266844058362345	17.645716500625085	-0.2602159809825263	-0.155485212969786	0.9529491024126324	-0.155485212969786	0.2602159809825263	0.0
cur_sna_20m_20200303	KP0655_LM_SB20	31693	-54.453205152322056	-23.512825692879087	124.3063329792058	0.7887988909927838	0.24521783465889774	-0.5636173552453438	-0.24521783465889774	0.7887988909927838	0.0
cur_sna_20m_20200303	KP0656_AC_SB20	6105	-84.72809828958366	83.78358389766274	94.02731939094798	0.7611373851600037	-0.6447769618757443	-0.07023211762489659	0.6447769618757443	0.7611373851600037	-0.0
cur_sna_20m_20200303	KP0657_LM_SB20	3818	-36.54854359543801	17.01161117138662	38.72718972843055	-0.5782920178922721	0.2386836650801095	0.7801336103937647	0.2386836650801095	0.5782920178922721	-0.0
cur_sna_20m_20200303	KP0658_AC_SB20	4908	15.628894055739696	-11.845723603402215	19.27193895342051	0.2640723433543854	-0.19799040119250313	0.9439627103392143	-0.19799040119250313	-0.2640723433543854	0.0
cur_sna_20m_20200303	KP0659_LM_SB20	305	15.721421207787547	47.51485703155993	48.43157081286697	0.1867730886001839	0.7244756034483698	0.66351406419372	0.7244756034483698	-0.1867730886001839	0.0
cur_sna_20m_20200303	KP0660_AC_SB20	258	29.761966640063697	-62.329857864841465	116.66838264975242	-0.25664953824040926	0.8559709613090117	-0.4488259438988693	-0.8559709613090117	-0.25664953824040926	0.0
cur_sna_20m_20200303	KP0661_AC_SB20	182	3.152475470727943	56.480903272170295	56.4984419286981	0.030400097904649034	0.8333164862632412	0.5519596613605681	0.8333164862632412	-0.030400097904649034	0.0
cur_sna_20m_20200303	KP0662_AC_SB20	10679	-18.25182807227352	-35.29543281492407	37.98865615736697	-0.25991504704282986	-0.5579346948140708	0.7881326313784077	-0.5579346948140708	0.25991504704282986	0.0
cur_sna_20m_20200303	KP0663_AC_SB20	14090	-9.156976290245606	-21.302764657111187	22.876990597194567	-0.14851487426960092	-0.3592672948440164	0.9213415995037602	-0.3592672948440164	0.14851487426960092	0.0
cur_sna_20m_20200303	KP0664_LM_SB20	14663	-46.202724216706834	24.22318598544151	131.3619743803946	0.6891559433608815	-0.2973030207095327	-0.6608138918087004	0.2973030207095327	0.6891559433608815	-0.0
cur_sna_20m_20200303	KP0665_AC_SB20	5962	-11.325925913204008	-0.44525681650354115	11.334227635771223	-0.1963841435903766	-0.007619792520077708	0.9804974283027087	-0.007619792520077708	0.1963841435903766	0.0
cur_sna_20m_20200303	KP0666_LM_SB20	26362	-20.76939320031706	-1.712560340989924	20.82831325886503	-0.35446905170035237	-0.02794484202895175	0.9346500827532354	-0.02794484202895175	0.35446905170035237	0.0
cur_sna_20m_20200303	KP0668_AC_SB20	3769	8.33480735357511	-35.227622734431804	35.798475596950425	0.1188269497434155	-0.5727393753789923	0.8110793819997877	-0.5727393753789923	-0.1188269497434155	0.0
cur_sna_20m_20200303	KP0670_LM_SB20	645	-58.87018202347174	23.856596079526902	120.26335933270136	0.8344673473017857	-0.22287454691503342	-0.5039753789864537	0.22287454691503342	0.8344673473017857	-0.0
cur_sna_20m_20200303	KP0672_AC_SB20	1938	-9.086571573043333	-8.831504965089898	12.57004458189664	-0.15610017291318679	-0.1516471263633307	0.9760306783509509	-0.1516471263633307	0.15610017291318679	0.0
cur_sna_20m_20200303	KP0674_AC_SB20	5907	-17.419890190522175	-17.82141603466917	24.190345588596205	-0.2862105624953598	-0.2932480545848206	0.9121891757734839	-0.2932480545848206	0.2862105624953598	0.0
cur_sna_20m_20200303	KP0676_LM_SB20	37912	-35.420518481855666	16.915722109178756	37.72188204521545	-0.5625537151313035	0.24055821878615538	0.7909899246933556	0.24055821878615538	0.5625537151313035	-0.0
cur_sna_20m_20200303	KP0678_AC_SB20	1513	-50.274884894167606	-20.21347997698752	128.47058818364326	0.7486705244669303	0.22905914071140937	-0.6221128160156824	-0.22905914071140937	0.7486705244669303	0.0
cur_sna_20m_20200303	KP0679_AC_SB20	1213	83.94090644337446	-83.47921925310197	85.55243157489448	0.7305594427215012	-0.6784315717211047	0.07754678034890325	-0.6784315717211047	-0.7305594427215012	0.0
cur_sna_20m_20200303	KP0680_LM_SB20	18368	1.7960621804625367	4.013294221497433	4.394465506359109	0.03126528439883323	0.06995371899568048	0.9970601582603397	0.06995371899568048	-0.03126528439883323	0.0
cur_sna_20m_20200303	KP0681_AC_SB20	1265	71.76856454889963	69.49447815613966	76.11549541926351	0.7285118856701295	0.6416283876049811	0.23996550722298482	0.6416283876049811	-0.7285118856701295	0.0
cur_sna_20m_20200303	KP0682_LM_SB20	8411	-49.90426969189069	16.175588717981054	129.2801610866652	0.7519594508120437	-0.18364382365134085	-0.6331128891194403	0.18364382365134085	0.7519594508120437	-0.0
cur_sna_20m_20200303	KP0683_AC_SB20	2877	-18.572779946117294	41.78440836646294	43.67233267797599	-0.2430350894605637	0.6463513542274897	0.7233006789566743	0.6463513542274897	0.2430350894605637	-0.0
cur_sna_20m_20200303	KP0684_LM_SB20	1392	-0.9865966563314305	-36.818959433236486	36.82623079448486	-0.013784720516229981	-0.5992315906913808	0.8004570458168051	-0.5992315906913808	0.013784720516229981	0.0
cur_sna_20m_20200303	KP0685_AC_SB20	11142	-37.59610141160299	-28.86826439947219	43.44108819997703	-0.559079526594912	-0.400294098276292	0.7260817569857951	-0.400294098276292	0.559079526594912	0.0
cur_sna_20m_20200303	KP0686_AC_SB20	416	66.66323446425938	-70.15033416014744	105.47540205348449	-0.6184671967188115	0.7391230835066074	-0.26682465030513874	-0.7391230835066074	-0.6184671967188115	0.0
cur_sna_20m_20200303	KP0687_AC_SB20	12278	19.631435508254388	-32.19872530351095	35.89378274700868	0.28896642999750877	-0.510125341294877	0.8101052638412369	-0.510125341294877	-0.28896642999750877	0.0
cur_sna_20m_20200303	KP0688_AC_SB20	10290	-4.2495804713336005	-41.1420028804645	41.244336850629	-0.055870655606742106	-0.6568998249355504	0.7519049739439926	-0.6568998249355504	0.055870655606742106	0.0
cur_sna_20m_20200303	KP0689_AC_SB20	1402	-82.25658904369247	-63.66461239324391	97.46998953489442	0.9560953033190353	0.26264040759328744	-0.13000687393562663	-0.26264040759328744	0.9560953033190353	0.0
cur_sna_20m_20200303	KP0690_AC_SB20	21978	-46.48896211975518	-33.131066152371886	128.90301706421985	0.6615228953517507	0.40987606430485773	-0.6280040372763512	-0.40987606430485773	0.6615228953517507	0.0
cur_sna_20m_20200303	KP0691_AC_SB20	274	-80.44362775974795	-77.26448451828644	97.68921251434101	0.7947505684226778	0.5920043919425104	-0.13379960355923753	-0.5920043919425104	0.7947505684226778	0.0
cur_sna_20m_20200303	KP0692_AC_SB20	8845	-11.179912358400243	-12.695131716168715	16.682478587673447	-0.18932237051090284	-0.21578889215706185	0.9579103267246682	-0.21578889215706185	0.18932237051090284	0.0
cur_sna_20m_20200303	KP0693_AC_SB20	11370	-31.866531176397007	9.43361838670719	32.75952632040914	-0.5227633786119391	0.13972521398632204	0.8409490558640914	0.13972521398632204	0.5227633786119391	-0.0
cur_sna_20m_20200303	KP0694_LM_SB20	38997	-51.65941519936664	19.954290207404195	127.2414875873419	0.765170410266443	-0.2197193473709104	-0.6051757196414811	0.2197193473709104	0.765170410266443	-0.0
cur_sna_20m_20200303	KP0695_AC_SB20	1823	82.1618914504114	-84.2182990845464	94.66305759449679	-0.5905529958894236	0.80289360241916	-0.0812958931337268	-0.80289360241916	-0.5905529958894236	0.0
cur_sna_20m_20200303	KP0696_AC_SB20	451	-9.23349785478031	-41.94967667595327	42.40850745375195	-0.12003049296336424	-0.6636446825206035	0.7383552099911662	-0.6636446825206035	0.12003049296336424	0.0
cur_sna_20m_20200303	KP0697_AC_SB20	2426	-86.01799878073525	89.9077098270955	89.90773452494875	-0.023133301911232283	0.99973109242528	0.0016103356295783064	0.99973109242528	0.023133301911232283	-0.0
cur_sna_20m_20200303	KP0698_AC_SB20	27666	-45.854748675707974	40.182911305998594	126.89318028875817	0.6185091729855258	-0.5070071521326884	-0.6003250374747515	0.5070071521326884	0.6185091729855258	-0.0
cur_sna_20m_20200303	KP0699_AC_SB20	753	33.09812013797185	-55.22687103701847	122.31552721714493	-0.34846423561373885	0.7699320793976201	-0.534581396620374	-0.7699320793976201	-0.34846423561373885	0.0
cur_sna_20m_20200303	KP0700_LM_SB20	32404	-49.255846289210574	-2.1215913308067242	130.72973328020558	0.7574102170448425	0.024172005033296345	-0.6524917449966359	-0.024172005033296345	0.7574102170448425	0.0
cur_sna_20m_20200303	KP0702_AC_SB20	6097	-21.18886664792957	8.58955650074554	22.589255326293905	-0.35791120850902675	0.1394611805209479	0.9232822677552687	0.1394611805209479	0.35791120850902675	-0.0
cur_sna_20m_20200303	KP0703_AC_SB20	5722	85.63560232219902	81.57185108556904	86.11849479660759	0.8869568669106592	0.4568644673874477	0.06769323953550226	0.4568644673874477	-0.8869568669106592	0.0
cur_sna_20m_20200303	KP0704_AC_SB20	16514	-44.74592865081711	-28.54588374158506	48.50869591691067	-0.6566566592141169	-0.36039886500379925	0.6625063697910599	-0.36039886500379925	0.6566566592141169	0.0
cur_sna_20m_20200303	KP0706_LM_SB20	12782	-61.01310837786292	-28.96794791335597	117.9084001794215	0.8448572609518163	0.2591073648657794	-0.4680593788071191	-0.2591073648657794	0.8448572609518163	0.0
cur_sna_20m_20200303	KP0707_LM_SB20	26279	-25.583407849456705	-1.834527378863737	25.633270742802175	-0.4316444859710833	-0.02887719386724935	0.9015814690892401	-0.02887719386724935	0.4316444859710833	0.0
