plot_name	sample_name	colony_points	mean_colony	low_colony	high_colony	mean_env	low_env	high_env	outcrop_prop
cur_kal_05m_20200214	KP0950_AC_WP05	10676	-1.3617035847963856	-1.4123350478272796	-1.3014915910835816	-1.3881317829241047	-1.6607869473295276	-1.0888892616981538	0.5229665551154566
cur_kal_05m_20200214	KP0952_HU_WP05	57	-1.2618985534341736	-1.269646454873019	-1.2550392635392253	-1.2707090844813769	-1.63302263648643	-0.9194912858947906	0.5201230229681305
cur_kal_05m_20200214	KP0954_HU_WP05	15	-1.1888295968276816	-1.1927746309202982	-1.1858515586689584	-1.2155348025272754	-1.5820655419652108	-0.9009881915351146	0.5773733994959648
cur_kal_05m_20200214	KP0955_HU_WP05	39	-1.1712828353943396	-1.1753902857384277	-1.1677907180028146	-1.1920972341346625	-1.5638312782440218	-0.9009881915351146	0.5922192608189227
cur_kal_05m_20200214	KP0956_HU_WP05	84	-1.1361607913017127	-1.1417279824676105	-1.133183996760639	-1.1560576352815461	-1.5321230617317965	-0.9009881915351146	0.6273813872884083
cur_kal_05m_20200214	KP0957_HU_WP05	5	-1.19889471362782	-1.1992451351345306	-1.19874204568997	-1.223884043523572	-1.5944116117182576	-0.9046328388459128	0.5733967376865549
cur_kal_05m_20200214	KP0958_HU_WP05	45	-1.151781972287009	-1.1572223520876723	-1.1473692666014907	-1.140333663698229	-1.5147435757671852	-0.9009881915351146	0.5913782800199999
cur_kal_05m_20200214	KP0962_AC_WP05	5204	-1.3995429366511043	-1.4521468147127896	-1.3576809415267126	-1.405321634366676	-1.8351135853681124	-0.989439476574171	0.5150573302264124
cur_kal_05m_20200214	KP0963_HU_WP05	194	-1.4823491115744096	-1.4965389225694317	-1.4706997501227677	-1.516229801064511	-1.8113883393365582	-1.0772113231525235	0.4481742420545469
cur_kal_05m_20200214	KP0965_AC_WP05	75	-1.2540546267907975	-1.266611365330733	-1.2448427258690784	-1.333806255029551	-1.5580482626289913	-0.9150282085077924	0.47275918362088276
cur_kal_05m_20200214	KP0966_AC_WP05	1806	-1.3607531700286646	-1.3954157988436648	-1.3237700449439669	-1.3147935944145241	-1.63689280591534	-0.9574567019137202	0.4064247311267656
cur_kal_05m_20200214	KP0968_HU_WP05	8	-1.5042352984823952	-1.506687257428347	-1.5023697094647297	-1.5234132813989767	-1.7496257546346772	-1.178716325282859	0.4298237925950635
cur_kal_05m_20200214	KP0969_HU_WP05	12	-1.6161445912275918	-1.6190536054273879	-1.6137509721698415	-1.6502524755968857	-1.8713127531601426	-1.4795548319391896	0.6513414231352196
cur_kal_05m_20200214	KP0970_HU_WP05	104	-1.5720931676439218	-1.578540788678466	-1.5664056128690729	-1.5593034568107054	-1.7807059957218652	-1.2593618377103368	0.4001441751522041
cur_kal_05m_20200214	KP0971_HU_WP05	160	-1.5322448699793032	-1.5388907619968695	-1.5261027734020167	-1.5542260895832303	-1.7807059957218652	-1.185455844967882	0.41740623740765914
cur_kal_05m_20200214	KP0972_HU_WP05	151	-1.5614890080283068	-1.57572784882165	-1.5522835428909592	-1.5788586444955324	-1.8063230034324986	-1.1792057936741582	0.39041185857192245
cur_kal_05m_20200214	KP0973_HU_WP05	223	-1.6566543708582755	-1.6681385511862983	-1.6507061743709066	-1.6799377586730728	-1.8476236265980934	-1.4527446185028299	0.48361460554962465
cur_kal_05m_20200214	KP0974_AC_WP05	3842	-1.260373827151234	-1.3258275186644009	-1.2162062072008526	-1.3880571647606117	-1.7153798698643221	-1.1848067997402512	0.8575747023999694
cur_kal_05m_20200214	KP0975_AC_WP05	503	-1.4682132623304587	-1.4851884014687131	-1.4522523364125548	-1.5292450602550198	-1.788444635729956	-1.220299218183327	0.5636433270593354
cur_kal_05m_20200214	KP0976_AC_WP05	43	-1.4888567997179325	-1.4947736257858497	-1.483447068959486	-1.584658852987826	-1.8305691446058097	-1.3294449433040905	0.6818915230999538
cur_kal_05m_20200214	KP0977_AC_WP05	139	-1.4400471549381053	-1.4498535403579118	-1.4283573314298847	-1.5282458504405527	-1.7945068899030985	-1.220299218183327	0.6173023322787977
cur_kal_05m_20200214	KP0978_AC_WP05	5474	-1.5251325295075866	-1.585598498412605	-1.4827822450696257	-1.530573681050695	-1.6680543545279742	-1.3315412380509213	0.42471397999766697
cur_kal_05m_20200214	KP0979_HU_WP05	100	-1.0798028884323996	-1.0886748230893915	-1.0719334680734802	-1.1535505273237854	-1.3228100291585172	-0.8189394553003752	0.4822808739661249
cur_kal_05m_20200214	KP0980_HU_WP05	57	-1.1071210573487043	-1.1136584161999874	-1.1007150453862602	-1.1929164930358676	-1.4587618373613866	-1.0090318451401776	0.7818931049626786
cur_kal_05m_20200214	KP0981_AC_WP05	3954	-1.1855478110103541	-1.2181974961172972	-1.1354122897383463	-1.2857744187544702	-1.5803294580360407	-0.9762011017249529	0.6534731285190644
cur_kal_05m_20200214	KP0982_AC_WP05	11621	-1.2087805070783726	-1.279723075544271	-1.1534616354588392	-1.2845238786804292	-1.4512773725136894	-0.9722503131288195	0.5062279065126567
cur_kal_05m_20200214	KP0983_AC_WP05	1319	-0.9464020640816774	-0.9941636525153698	-0.9121650787975357	-1.0161449990110067	-1.3469513163103348	-0.6577100096914977	0.5811451640842652
cur_kal_05m_20200214	KP0984_HU_WP05	171	-0.9696370170415929	-0.9784201564498802	-0.9619772991659082	-0.9772524936035809	-1.32548904093758	-0.6577100096914977	0.5328888857620517
cur_kal_05m_20200214	KP0986_HU_WP05	106	-1.0353193749897638	-1.04881803169555	-1.0261432128033035	-1.1031889770769665	-1.3813586233558728	-0.953435231292996	0.8086476569975961
cur_kal_05m_20200214	KP0987_HU_WP05	52	-0.9581150007716306	-0.9645401486622434	-0.9522675955218125	-0.9775191364114358	-1.1276440502416571	-0.7411119101404776	0.43858978822731337
cur_kal_05m_20200214	KP0988_AC_WP05	61	-1.2613693919697042	-1.26835269992816	-1.256545300675152	-1.3243252088022723	-1.6253974597525132	-1.1673429112943328	0.7947264556331419
cur_cas_05m_20201212	KP0407_AC_CA05	22310	-0.028183939447658974	-0.1286106980001368	0.0684748980697185	-0.12707693510098753	-0.37733527432145736	0.30462948951969265	0.5119785557646879
cur_cas_05m_20201212	KP0408_AC_CA05	17998	-0.6517578984929365	-0.769553270305912	-0.5869829651378972	-0.76488460441145	-0.9145068817457007	-0.4210872750746754	0.5325061665576359
cur_cas_05m_20201212	KP0409_AC_CA05	768	-0.5486254171740993	-0.5691140804388944	-0.5247448600144308	-0.6382291327375824	-0.906241559138109	-0.13487701497517457	0.4636149595806038
cur_cas_05m_20201212	KP0410_HU_CA05	5	-0.6268779931992542	-0.6285999764573319	-0.6261316408635341	-0.7276093239714045	-0.922438254671154	-0.4886484301307494	0.6813443855789899
cur_cas_05m_20201212	KP0413_HU_CA05	616	-0.5703285987001324	-0.5987230998965728	-0.5508686830992842	-0.6002466359561407	-0.9200372680125753	-0.22647098274967228	0.5042180924060956
cur_cas_05m_20201212	KP0414_HU_CA05	109	-0.6044142962544596	-0.6155612033124457	-0.5935301243859329	-0.5812318753898241	-0.9200372680125753	-0.23491357233028182	0.460680273864702
cur_cas_05m_20201212	KP0415_HU_CA05	219	-0.4368709454000434	-0.4511638338602654	-0.4281664240463344	-0.5110205323929269	-0.8524582450313983	-0.20723078664807676	0.6440942558034468
cur_cas_05m_20201212	KP0417_HU_CA05	74	-0.524343435804478	-0.5293806797753513	-0.5216835876685489	-0.6329339330354183	-0.9211690361641415	-0.2509770047968898	0.5921073092291231
cur_cas_05m_20201212	KP0418_HU_CA05	122	-0.5792618657779701	-0.588829569717142	-0.5736617642036678	-0.6707607031428366	-0.9672681399029813	-0.27505661412186183	0.5605313689152593
cur_cas_05m_20201212	KP0419_HU_CA05	124	-0.8093461499788679	-0.8228036499576773	-0.801435627362707	-0.8821284470365846	-1.1784775888623675	-0.5356820332121434	0.5742594758765908
cur_cas_05m_20201212	KP0424_AC_CA05	1184	-0.725655266394572	-0.7547535571643906	-0.7003239840571216	-0.8983732264411155	-1.0456499525028693	-0.6990923837096761	0.9233521784637542
cur_cas_05m_20201212	KP0426_HU_CA05	304	-0.7775306687817402	-0.8027532701410637	-0.7681722368778658	-0.9069527288135477	-1.1885842831112012	-0.47230898751431216	0.5738765763056514
cur_cas_05m_20201212	KP0432_HU_CA05	139	-0.9829033464986633	-0.9902770958252411	-0.9769427727467607	-1.1188764552009658	-1.2871195138324933	-0.8056809947782397	0.631889961632978
cur_cas_05m_20201212	KP0433_AC_CA05	57079	-0.920510998622131	-1.0693705831109481	-0.8298727372008885	-1.0515468016460563	-1.2589351020265118	-0.7242195126598766	0.6329048752912562
cur_cas_05m_20201212	KP0434_HU_CA05	365	-0.8972711038974936	-0.9183829732739662	-0.8795512127052658	-0.9060760791878072	-1.269109267077272	-0.4635088116575862	0.4615664758854504
cur_cas_05m_20201212	KP0435_HU_CA05	1008	-0.8422843117777018	-0.8796495574356604	-0.8032271746369335	-0.845393717315051	-1.2812637652155237	-0.4265131575783986	0.5135760647791031
cur_cas_05m_20201212	KP0436_HU_CA05	94	-0.9433597333790468	-0.952983154489278	-0.9358818185505431	-1.0913401806410192	-1.356475067150074	-0.8864297304677374	0.8788840172032524
cur_cas_05m_20201212	KP0439_HU_CA05	197	-1.2651113495824466	-1.2799763012011651	-1.2501142472158304	-1.3365906192342298	-1.4776286969173036	-1.0707593566207774	0.5223233266482414
cur_cas_05m_20201212	KP0440_HU_CA05	1410	-1.1806572750841107	-1.2268247048204162	-1.151598444997616	-1.394047211091052	-1.5815644234108075	-1.147489108609201	0.9235889133892141
cur_cas_05m_20201212	KP0441_AC_CA05	390	-1.2227002676183736	-1.2474332826915098	-1.2044434907639157	-1.4165194991081063	-1.5815644234108075	-1.1510413643734472	0.8335538556165747
cur_cas_05m_20201212	KP0442_HU_CA05	243	-1.202586150586292	-1.218394055511695	-1.193198989752326	-1.3509275655232333	-1.598147908629206	-1.1787759447412791	0.943224135385035
cur_kal_10m_20200214	KP0739_HU_WP10	98	-0.9230194040368498	-0.9298770710921795	-0.9188959477727471	-0.9578199578289184	-1.2980380902854198	-0.7477467761836916	0.6814911968231487
cur_kal_10m_20200214	KP0740_HU_WP10	30	-1.158823312736085	-1.1680990428729539	-1.1515265152969572	-1.2448114591326844	-1.56463536853916	-0.9879168606434701	0.703657070559063
cur_kal_10m_20200214	KP0741_AC_WP10	9002	-1.1607046011752424	-1.212680112489266	-1.0992483372867854	-1.1661583123597923	-1.653358256774204	-0.8417728706809917	0.6070262772602207
cur_kal_10m_20200214	KP0742_AC_WP10	1829	-1.5023032591322634	-1.5463393544658763	-1.4752392864768273	-1.5459986542848203	-1.887119582021105	-1.2196777523056734	0.5765540991833112
cur_kal_10m_20200214	KP0743_AC_WP10	9124	-1.1309985622959537	-1.2006452562967531	-1.052756204182503	-1.166605242713688	-1.566275506755051	-0.8227030481625323	0.585386050046847
cur_kal_10m_20200214	KP0744_HU_WP10	96	-1.6064585693977964	-1.613077411357217	-1.5993373682555068	-1.6222698356678378	-1.964932428472961	-1.368836591363969	0.6013695059736177
cur_kal_10m_20200214	KP0745_AC_WP10	827	-1.4195037323008106	-1.4433199363046962	-1.3869390756887605	-1.3726226197660436	-1.758496852602307	-1.0017282139876873	0.447948161438184
cur_kal_10m_20200214	KP0746_AC_WP10	2386	-1.8550968747571162	-1.8719342136914014	-1.8175940456268802	-1.7413256359524352	-2.2107947069159715	-1.3953970394655761	0.4362262076013287
cur_kal_10m_20200214	KP0747_AC_WP10	1724	-1.6862034107683146	-1.7212412875062661	-1.6569211787745692	-1.5327273332253817	-1.9658943915435745	-1.280138749971542	0.4078580821210508
cur_kal_10m_20200214	KP0748_AC_WP10	213	-1.3109796448309432	-1.3230411446519017	-1.3007733117114775	-1.3103409639749766	-1.7275316514709753	-0.8956918433254403	0.5007598849695277
cur_kal_10m_20200214	KP0749_AC_WP10	6515	-1.1911794784958463	-1.3010726324056596	-1.0907933847388387	-1.349669568914824	-1.6712153065630928	-1.0524420860639818	0.775786365932325
cur_kal_10m_20200214	KP0750_AC_WP10	31	-0.9729353286658635	-0.9775816823828449	-0.968855639013501	-1.1698336881033033	-1.3783722231263587	-0.9616309899101837	0.9728744413687139
cur_kal_10m_20200214	KP0751_AC_WP10	953	-1.4984444140861517	-1.5329940841660339	-1.4697466439794946	-1.5218883689175713	-1.7871607768984112	-1.2420629409626402	0.5296597120342981
cur_kal_10m_20200214	KP0752_AC_WP10	37	-1.16160527520622	-1.1686241527194736	-1.1538733209835852	-1.266723974126163	-1.5725899767313578	-0.9616309899101837	0.67268787331126
cur_kal_10m_20200214	KP0753_AC_WP10	3680	-1.4515168007344477	-1.4944817749429657	-1.4175649080482495	-1.4074293544164778	-1.7053358309320683	-1.0109814663773327	0.36554682040543607
cur_kal_10m_20200214	KP0754_LM_WP10	12745	-1.9043111657318572	-2.023357105068216	-1.7006687552701214	-1.9302125733526558	-2.3177022892320966	-1.2989471815220268	0.4057806634505606
cur_kal_10m_20200214	KP0755_AC_WP10	10923	-0.5354724642267521	-0.6265412892990747	-0.4456621188757863	-0.6604051418996121	-1.0891240759317136	-0.19889347998951504	0.6219193254293737
cur_kal_10m_20200214	KP0756_AC_WP10	6210	-1.2707732081430052	-1.3841447925865606	-1.1670347376314543	-1.130349903150402	-1.6424034939303558	-0.7830968169112009	0.43247689762693015
cur_kal_10m_20200214	KP0757_AC_WP10	612	-0.36947467971649545	-0.4076353962059484	-0.3341333992577156	-0.49010040585560993	-0.8054695203583875	-0.08866097591683285	0.6082444803745516
cur_kal_10m_20200214	KP0758_AC_WP10	4973	-0.7411440127172176	-0.8147346872687371	-0.6681842842307758	-0.7565349673883931	-1.2437431751393024	-0.36875866163480187	0.5744092091516767
cur_kal_10m_20200214	KP0759_AC_WP10	1305	-0.8499535376474261	-0.8835855476873122	-0.811300063123188	-0.9177303949962655	-1.2952990618140996	-0.4949975298473526	0.5564721625263337
cur_kal_10m_20200214	KP0760_AC_WP10	9391	-0.5038220917472034	-0.5787504038950534	-0.40755323514929975	-0.5181817418640581	-0.9584820504813322	0.07124072574067829	0.4415362748430682
cur_kal_10m_20200214	KP0761_AC_WP10	1946	-0.3097761935434041	-0.37408126333113484	-0.238676337484892	-0.23531922011939713	-0.7761498978302249	0.14450916494681518	0.506565050128404
cur_kal_10m_20200214	KP0762_AC_WP10	3850	-0.09368870280676798	-0.16026974385472345	-0.011143167259805705	-0.15760846467030498	-0.5628593103873426	0.33855099836011804	0.5204850699261501
cur_kal_10m_20200214	KP0763_LM_WP10	10848	-1.1892370694356469	-1.3234149783603633	-1.038196073396668	-1.154135964020763	-1.7432433748442389	-0.6552286960857259	0.5091901021415859
cur_kal_10m_20200214	KP0764_HU_WP10	830	-0.7472110052515901	-0.7805839505612062	-0.7217209570154832	-0.722573028631241	-1.1828085716418166	-0.3223823543905921	0.5062578959783627
cur_kal_10m_20200214	KP0765_AC_WP10	1657	-0.09206511334511452	-0.13953181001781442	-0.05507243519711158	-0.045664827179562786	-0.5439205520984276	0.3248569086151066	0.5201049281161144
cur_kal_10m_20200214	KP0766_AC_WP10	3224	-0.3084098505451227	-0.37875335217685363	-0.24020558546275128	-0.2870852647679694	-0.7002093012808458	0.16540106191073697	0.45262795756178736
cur_kal_10m_20200214	KP0767_AC_WP10	3985	0.04662663075938339	0.007780337667465653	0.11441132213964753	0.07140688110274877	-0.38626495734844074	0.42087366946936855	0.5363286723304573
cur_kal_10m_20200214	KP0768_HU_WP10	332	-0.6137211785150068	-0.6399724880522153	-0.5933630089616813	-0.5842069249100231	-0.9986999648115451	-0.22242678986850598	0.49593210060979753
cur_kal_10m_20200214	KP0769_AC_WP10	79819	0.21019808644975266	-0.024028091590169106	0.4203157675543505	0.02704290384273025	-0.4081177041714898	0.4365273097638076	0.732042195739058
cur_kal_10m_20200214	KP0770_AC_WP10	73	0.10278540903187834	0.09068030646797903	0.11644053118056351	0.07253503129304821	-0.31193653225240486	0.4365273097638076	0.5540974967703248
cur_kal_10m_20200214	KP0771_AC_WP10	1282	-0.1797005183171611	-0.2128236014016468	-0.11898009254062517	-0.15477951431974263	-0.47032474924518286	0.2245433303654064	0.4182437493615916
cur_kal_10m_20200214	KP0772_AC_WP10	309	-0.2358055102367593	-0.2577782130433245	-0.22012236447661654	-0.2632856997187324	-0.6118437418059928	0.08951221708920859	0.5361588887924771
cur_kal_10m_20200214	KP0773_AC_WP10	2377	-0.2613251494944759	-0.31709570427349754	-0.21096371808203046	-0.29161470411958457	-0.7363171755296369	0.007303393672429654	0.6387559001290749
cur_kal_10m_20200214	KP0774_AC_WP10	49	-0.5178201922470143	-0.5305983243834524	-0.5075805605637541	-0.4611623857194766	-0.8497508083945282	-0.12536786500175132	0.45822533395507303
cur_kal_10m_20200214	KP0775_HU_WP10	183	-0.26525543016058883	-0.2833982384696432	-0.24540522206258403	-0.22037791715064314	-0.6863004553435096	0.12517188435773358	0.518865529462083
cur_kal_10m_20200214	KP0777_AC_WP10	3930	-0.928863257961751	-0.9778263239596424	-0.8674154986199154	-1.063929383887742	-1.4072169996652215	-0.8077492863533999	0.7979641456597482
cur_kal_10m_20200214	KP0778_AC_WP10	2987	-2.070204107379205	-2.131222451075055	-2.0239879889693864	-2.1536113622408735	-2.5473479827232697	-1.849301338185559	0.6835415356233946
cur_kal_10m_20200214	KP0779_AC_WP10	2181	-0.981728921020348	-1.0315275157113948	-0.9461503531623694	-1.1365387594512286	-1.4314760857953335	-0.8170183958165111	0.7319416326134452
cur_kal_10m_20200214	KP0780_AC_WP10	4481	-2.087632192561332	-2.1469082717655166	-2.024879097928891	-2.1287825948127237	-2.5803359150538805	-1.787634147378015	0.6215499227876257
cur_kal_10m_20200214	KP0781_AC_WP10	216	-1.1813825741458548	-1.1959439664985716	-1.1690495106122931	-1.2848683445202789	-1.5874071106980803	-0.9153996221577185	0.6041964464326636
cur_kal_10m_20200214	KP0782_AC_WP10	7002	-1.8013295735110388	-1.888532459196968	-1.7199463547529668	-1.9065920135059031	-2.1926120998185072	-1.6683042646807205	0.7462839577910186
cur_kal_10m_20200214	KP0783_HU_WP10	331	-0.11255164324821877	-0.13761606466575355	-0.0883921800212042	-0.07068173539113888	-0.5342556103598541	0.30922030500358644	0.4999597017893863
cur_kal_10m_20200214	KP0784_AC_WP10	4217	-2.017669955849151	-2.0830454948273447	-1.9625777861447848	-2.0445561580072877	-2.4232640981601428	-1.719789524895988	0.5765583543823283
cur_kal_10m_20200214	KP0785_AC_WP10	249	0.18435279169062044	0.17193310061100894	0.196861277283731	0.14353819209022542	-0.22065039521640867	0.4365273097638076	0.6162765167440081
cur_kal_10m_20200214	KP0786_HU_WP10	138	-2.2026930634703636	-2.2083526017949664	-2.199228585413258	-2.2167861027392823	-2.6002071646648965	-1.9700777036993085	0.6308451291666262
cur_kal_10m_20200214	KP0787_AC_WP10	25529	-2.1085159327492025	-2.3214897969209596	-1.9525016355239568	-2.1645838344627157	-2.643845449646105	-1.8413139732700474	0.6670511159440841
cur_kal_10m_20200214	KP0788_AC_WP10	176	-1.8901574119457771	-1.9027719078172034	-1.883083697231573	-1.9598224751161422	-2.2299160719043924	-1.7025190350020591	0.6442179917319747
cur_kal_10m_20200214	KP0789_HU_WP10	83	-2.0398713532613657	-2.0470070383190855	-2.0331118918744027	-2.125954977686512	-2.4494440740111223	-1.838485802581797	0.6703775689812153
cur_kal_10m_20200214	KP0790_AC_WP10	1481	-2.107126282017768	-2.14919532938189	-2.0654531598925634	-2.1214670945942866	-2.5453252566363496	-1.783180462824558	0.5749550192778632
cur_kal_10m_20200214	KP0791_AC_WP10	311	-2.045036261966852	-2.061919640986107	-2.0299924517977055	-2.114680573948056	-2.45799446182657	-1.878845281254103	0.7130428803361591
cur_kal_10m_20200214	KP0792_AC_WP10	2983	-1.8788979118745324	-1.933783629170237	-1.8279022878574038	-2.034297059774026	-2.3345562996842606	-1.7601455286797856	0.7932622624971257
cur_kal_10m_20200214	KP0793_AC_WP10	1962	-2.327286111444042	-2.3772477463374333	-2.246872306078778	-2.2827051718774505	-2.770574143631214	-1.9164187816918097	0.5189782233300783
cur_kal_10m_20200214	KP0794_AC_WP10	473	-1.9022367537168137	-1.928809231810923	-1.8747093811519107	-1.9400335130164157	-2.255128228860674	-1.6708391382021461	0.6039672497498303
cur_kal_10m_20200214	KP0795_LM_WP10	9247	-2.3843748097796973	-2.456448438238882	-2.3077642362151294	-2.305415470112489	-2.889973731291524	-1.923785835373254	0.5232925434563667
cur_kal_10m_20200214	KP0797_AC_WP10	1433	-2.2726396133965245	-2.331664369104221	-2.2204902228023893	-2.2211812005376212	-2.6617134668377065	-1.8926073701788455	0.5058779993181574
cur_kal_10m_20200214	KP0799_AC_WP10	6740	-1.9790507598474556	-2.0385172292627765	-1.9024359698910622	-2.0084749312406514	-2.406560275120796	-1.6739962446853747	0.5835797247910703
cur_kal_10m_20200214	KP0800_AC_WP10	1385	-1.7693499307847425	-1.808278881025029	-1.7388660823389765	-1.8842500128147452	-2.1309453998589802	-1.634857273293823	0.7288936173052007
cur_kal_10m_20200214	KP0801_AC_WP10	1097	-1.9068437210559623	-1.9368581266636675	-1.8748777674962316	-1.9030353755060956	-2.2310588868902945	-1.6722238393897402	0.5801625493683994
cur_kal_10m_20200214	KP0802_AC_WP10	650	-1.8937475962070724	-1.9197575528432074	-1.8650308407488123	-1.9018697168873848	-2.1696776303508045	-1.6222617889941524	0.5040592787009944
cur_kal_10m_20200214	KP0803_HU_WP10	307	-2.2958250335709702	-2.314760188567705	-2.276423057650717	-2.26966444317467	-2.655134285981832	-1.9109647414243676	0.48283251449712616
cur_kal_10m_20200214	KP0804_AC_WP10	2637	-1.8751815623616181	-1.9399264806145657	-1.8056712596894553	-1.916502622734163	-2.258081097829986	-1.609963078852745	0.5907867460198073
cur_kal_10m_20200214	KP0805_HU_WP10	963	-1.9301691671930996	-1.9643066879147046	-1.8973599649232296	-1.9368944624002868	-2.302398887503167	-1.5486209089890925	0.4938187781020684
cur_kal_10m_20200214	KP0806_AC_WP10	660	-1.9432162913402666	-1.9634802923151475	-1.9264632321640294	-1.9812638725606377	-2.324803245481954	-1.609963078852745	0.5338073767469455
cur_kal_10m_20200214	KP0807_AC_WP10	7555	-1.7360634379240398	-1.8335218398554582	-1.636590260884009	-1.8976751207387135	-2.213152914780273	-1.5486209089890925	0.7179330306118492
cur_kal_10m_20200214	KP0808_AC_WP10	8465	-1.9314319572712377	-2.017483751331924	-1.8612051994911887	-2.027425330953267	-2.396713922041408	-1.609963078852745	0.5913968428484997
cur_kal_10m_20200214	KP0809_AC_WP10	457	-1.8201259891365744	-1.8389747324163104	-1.7997911149159562	-1.9114777895438075	-2.2312348440530143	-1.5486209089890925	0.6022567571491821
cur_kal_10m_20200214	KP0810_AC_WP10	939	-2.0446006025706893	-2.0691041782218473	-2.0174640652278333	-2.0216283804785484	-2.455604340573991	-1.609963078852745	0.4860261160468106
cur_kal_10m_20200214	KP0811_AC_WP10	661	-1.9190058123591356	-1.9361056333054696	-1.9007866117943553	-1.9541328454948008	-2.3033161915741123	-1.5876380634412606	0.5369877380738356
cur_kal_10m_20200214	KP0812_AC_WP10	3789	-1.93151142112392	-2.000518490745536	-1.8646898280106683	-2.0061733665165824	-2.401287354520049	-1.5743098929418962	0.5680637686299667
cur_kal_10m_20200214	KP0813_AC_WP10	7789	-2.0001498316281316	-2.1226216927598056	-1.9096995789555475	-2.035109775434784	-2.5363801463879594	-1.6312905565316949	0.5924610345424318
cur_kal_10m_20200214	KP0815_AC_WP10	16531	-2.126029440092007	-2.2405455507702916	-2.0051531302636736	-2.0523226664472065	-2.580395329908005	-1.6312905565316949	0.47873101322592015
cur_kal_10m_20200214	KP0816_AC_WP10	2108	-2.26530841322964	-2.309604094297085	-2.197925597661397	-2.1544885302423475	-2.632263787111858	-1.7944888628886675	0.438011885140236
cur_kal_10m_20200214	KP0817_AC_WP10	3773	-1.717550210108334	-1.7831635563091042	-1.6664328792529362	-1.7001107425365358	-2.1861728703451266	-1.415857082689655	0.608351364137414
cur_kal_10m_20200214	KP0819_AC_WP10	1919	-2.10470106579155	-2.1285707127054776	-2.076217976889855	-2.0435435105170563	-2.5508301267975972	-1.6677616311662966	0.5052032353244719
cur_kal_10m_20200214	KP0820_AC_WP10	279	-1.5336093571049465	-1.5517914495245726	-1.5193897484969723	-1.6196981535023558	-1.9622370885882308	-1.2379695973415867	0.5918086020201039
cur_kal_10m_20200214	KP0823_AC_WP10	8191	-2.790809305930363	-2.869332371976806	-2.71919403847759	-2.830611313952409	-3.2192766910566717	-2.55229966445703	0.6424020139204877
cur_kal_10m_20200214	KP0824_AC_WP10	13054	-3.173691991476404	-3.3367298046596474	-3.006007397403092	-3.188587539105831	-3.6938568300932118	-2.580355576609884	0.4671434692952468
cur_kal_10m_20200214	KP0825_AC_WP10	2908	-3.0014745139182906	-3.0553732569643657	-2.945858539702618	-3.0306746009850762	-3.518323528502382	-2.5383008154215574	0.5273847306653858
cur_kal_10m_20200214	KP0831_HU_WP10	314	-2.687659882430887	-2.711752192121795	-2.671295548850922	-2.7069338111064627	-3.1198449794726253	-2.2883442818539548	0.5197651646949549
cur_kal_10m_20200214	KP0833_AC_WP10	1744	-2.774091313558565	-2.807122095459189	-2.7382633270102343	-2.7673271607133816	-3.2160394139464827	-2.3323115628064763	0.5000952497058972
cur_kal_10m_20200214	KP0835_AC_WP10	3520	-2.9494196236614836	-3.0153402305784462	-2.8946276614759676	-2.9730575560255543	-3.4629841032118516	-2.4951629428567585	0.530639854332118
cur_kal_10m_20200214	KP0837_AC_WP10	10948	-2.2639687223854312	-2.3192351190380043	-2.2422139055996344	-2.51417982665291	-2.9887244087737974	-1.8673022882302597	0.6462826736796374
cur_kal_10m_20200214	KP0845_AC_WP10	227	-2.01158478267822	-2.0360594699612418	-1.9943157886817555	-2.0768332580697035	-2.436800572782939	-1.7402761666564432	0.6104822549857579
cur_kal_10m_20200214	KP0849_AC_WP10	9878	-2.9287976487383323	-3.0243324214096425	-2.8356312095780254	-2.9675452971682934	-3.4193311198063046	-2.3894207640143694	0.4762875412499212
cur_kal_10m_20200214	KP0851_AC_WP10	2640	-2.9290625469392975	-2.966316574328019	-2.868422306893644	-2.9774049587926994	-3.283213132705847	-2.5851730467664025	0.507349925742334
cur_kal_10m_20200214	KP0853_AC_WP10	689	-2.821930066751008	-2.8549605708157286	-2.8012434055844366	-2.9201039157148925	-3.2283075043590745	-2.4442272848730675	0.5182855370008719
cur_kal_10m_20200214	KP0855_AC_WP10	2826	-2.566156004891979	-2.633887349130193	-2.522431143537305	-2.6247016638199203	-3.073433687915036	-2.226786484126095	0.5991606430079407
cur_kal_10m_20200214	KP0857_AC_WP10	35164	-2.4777537858392233	-2.6185484868309845	-2.3957115068071158	-2.5385024066233064	-2.999253484684741	-1.978383716419073	0.5108386153225808
cur_kal_10m_20200214	KP0859_HU_WP10	348	-2.139107867113656	-2.1589049651031793	-2.1235349942003205	-2.2964871782936367	-2.559376513623231	-1.9539796413781214	0.6942035312323499
cur_kal_10m_20200214	KP0861_AC_WP10	1602	-2.31187884143928	-2.3575911129021176	-2.270926275264345	-2.387760449537276	-2.745517155551931	-1.9539796413781214	0.5478430350395628
cur_kal_10m_20200214	KP0863_AC_WP10	1856	-2.4301674757754	-2.47991522562133	-2.3912461803820593	-2.566095647974939	-2.8783188328255904	-2.269981433569283	0.7366822385045794
cur_kal_10m_20200214	KP0879_AC_WP10	2752	-3.739424518999293	-3.8233345122632088	-3.6852284505212634	-3.8247028737706557	-4.228915147228794	-3.5339999349904145	0.70438899538954
cur_kal_10m_20200214	KP0881_AC_WP10	5597	-3.6521982309545162	-3.7210842118309237	-3.5908476628557757	-3.713403770085705	-4.122526848875532	-3.29904350296067	0.5711452699732462
cur_kal_10m_20200214	KP0883_AC_WP10	8539	-3.4128105570712166	-3.526296856932962	-3.2992169599341334	-3.5375442094807354	-3.9277176244477365	-3.0337597720916833	0.5759858432021897
cur_kal_10m_20200214	KP0885_AC_WP10	5451	-3.1198570861160526	-3.198751768427404	-3.040745337777562	-3.249366435430452	-3.575955601771687	-2.9523497034296406	0.7313890341131211
cur_kal_10m_20200214	KP0887_AC_WP10	7956	-3.5183874491236318	-3.575223795811474	-3.416677436924033	-3.490545910300565	-3.8641807619362236	-3.0602580561912527	0.4301325367992382
cur_kal_10m_20200214	KP0889_LM_WP10	16069	-3.2916610998925595	-3.3982222767363393	-3.122919299882709	-3.294101553226661	-3.841248569041786	-2.7300763996372095	0.4946015426607776
cur_kal_10m_20200214	KP0891_AC_WP10	350	-3.3693339471920107	-3.380307704330863	-3.356482148099907	-3.3748022980367915	-3.788983189588899	-2.9402543019076517	0.4944443961880247
cur_kal_10m_20200214	KP0893_LM_WP10	3484	-2.855237515275577	-2.9185423255287786	-2.7649823111883203	-2.762141995921485	-3.337761283151398	-2.3464627639674793	0.48675929453930383
cur_kal_10m_20200214	KP0895_AC_WP10	3961	-2.9326166781955827	-2.99670143959061	-2.850945386203266	-2.896841268319847	-3.4096722970035755	-2.4276762083722385	0.4858019541329253
cur_kal_10m_20200214	KP0899_HU_WP10	82	-2.0910665038808087	-2.097543188021956	-2.0857110408607293	-2.166684803717298	-2.473573042655528	-1.8840395222257478	0.6488291598684081
cur_kal_10m_20200214	KP0903_HU_WP10	275	-2.1483433847099644	-2.1607868735834552	-2.138228855569185	-2.209047127758623	-2.5118360175152925	-1.8840395222257478	0.5789975502135964
cur_sna_05m_20200303	KP0130_AC_SB05	469	-1.4689101610481878	-1.4887301224405698	-1.4438216442778442	-1.481921208539532	-1.7212285692397158	-1.0812523880641913	0.39426218602083457
cur_sna_05m_20200303	KP0132_HU_SB05	405	-1.5577414170414787	-1.5778291457428264	-1.5481017977148792	-1.6388608913450264	-1.9312524771383	-1.387531577261283	0.68695365615209
cur_sna_05m_20200303	KP0133_HU_SB05	438	-1.703541788589327	-1.7274383419582804	-1.6888158534811604	-1.7212004802199323	-1.9535974542282621	-1.387531577261283	0.44174304760914246
cur_sna_05m_20200303	KP0134_HU_SB05	109	-1.8247085726790133	-1.8354799837530615	-1.8149816318370466	-1.7910232303762013	-1.9535974542282621	-1.4514677221785899	0.25668442500532657
cur_sna_05m_20200303	KP0135_HU_SB05	681	-0.49875128402855096	-0.5242508804225287	-0.4820992578022195	-0.5902881200457014	-0.7624050100897486	-0.26005773071061217	0.524843543269616
cur_sna_05m_20200303	KP0137_HU_SB05	250	-0.3606417770772211	-0.38010151150362387	-0.3457565130106224	-0.3798874434259169	-0.5133010203731984	-0.07252567049828024	0.34634251515947617
cur_sna_05m_20200303	KP0138_HU_SB05	45	-0.38228131823904293	-0.3906259524929042	-0.37509937305750607	-0.3789488671732126	-0.5133010203731984	-0.07252567049828024	0.297248251680444
cur_sna_05m_20200303	KP0139_HU_SB05	107	-0.4510357071883606	-0.4646963965754447	-0.44064128504768385	-0.4453920530773796	-0.5328036422272958	-0.18057856554956006	0.23214683011836726
cur_sna_05m_20200303	KP0140_HU_SB05	199	-0.46172031352107007	-0.47041869293316674	-0.44621605904240214	-0.43946083947876174	-0.5278840628803281	-0.1760756586432296	0.1880675633736921
cur_sna_10m_20200303	KP0051_AC_SB10	5485	-1.6922014590730978	-1.7641229584871518	-1.6160397437710476	-1.7224108483996297	-2.1705645779336735	-1.3751406204568406	0.6013939036711856
cur_sna_10m_20200303	KP0052_AC_SB10	3323	-1.8295099134630166	-1.903575223245292	-1.7755446513300968	-1.852217144421377	-2.3019255227005924	-1.4267243450360285	0.5397794487642215
cur_sna_10m_20200303	KP0053_AC_SB10	475	-1.7584090639607433	-1.7823911065785851	-1.7343578082346045	-1.8227965986110533	-2.1749730752949996	-1.4267243450360285	0.5567186344440335
cur_sna_10m_20200303	KP0054_AC_SB10	259	-1.6928558433559677	-1.7101033574451765	-1.6786987095784842	-1.7458054547180213	-2.094392549708842	-1.4566954134796948	0.629666786222775
cur_sna_10m_20200303	KP0056_AC_SB10	179	-1.8560183013306568	-1.8735129561043316	-1.8398418337231535	-1.8794382684499777	-2.2138298992595042	-1.5143306829375796	0.5115253735526343
cur_sna_10m_20200303	KP0057_AC_SB10	2790	-1.8950043509719139	-1.9278943590035502	-1.856534142748188	-1.8837321678856418	-2.1993839012172236	-1.545305305475262	0.46535623123400516
cur_sna_10m_20200303	KP0058_AC_SB10	3560	-1.5908028743253484	-1.6374923265737726	-1.5435121637998126	-1.654616214969188	-1.9740462785126145	-1.241644444505918	0.5232693125448428
cur_sna_10m_20200303	KP0059_AC_SB10	195	-1.8154747573776269	-1.830003347447899	-1.7988140510570396	-1.7170996314267049	-2.0579287651075773	-1.4593826502095424	0.40507155872401507
cur_sna_10m_20200303	KP0061_AC_SB10	5657	-1.6128550117130762	-1.687094016398428	-1.5347902223846532	-1.7359788176688058	-1.9755130250676114	-1.4293531157926227	0.6640143430446096
cur_sna_10m_20200303	KP0062_AC_SB10	3337	-1.6754896217437394	-1.7345981423301517	-1.624871767758524	-1.7533943708742068	-1.9690386799498951	-1.4607930133490108	0.5775731649015204
cur_sna_10m_20200303	KP0064_AC_SB10	2784	-1.6313680773699804	-1.6695255343320985	-1.603245717630949	-1.7038784792952222	-2.02566261069597	-1.3251164382779068	0.5628387518912706
cur_sna_10m_20200303	KP0065_AC_SB10	759	-1.7266134706821905	-1.7626135712902242	-1.6932198105172758	-1.7973331776923471	-2.1550629822388405	-1.498879995090525	0.6529421212497979
cur_sna_10m_20200303	KP0066_AC_SB10	4478	-1.931800319886315	-1.977760931909718	-1.8675064784987527	-1.838498091175022	-2.3857906446832104	-1.498879995090525	0.5118783104085974
cur_sna_10m_20200303	KP0067_LM_SB10	1554	-1.8061562254295693	-1.852023005411731	-1.7530496600217094	-1.8580441566001542	-2.2351445410812194	-1.4954162528817219	0.5799268765235541
cur_sna_10m_20200303	KP0068_AC_SB10	1339	-1.9163562943008734	-1.9328463902168325	-1.898323480233643	-1.8881489938575917	-2.3048832366905145	-1.5855813676827442	0.540144491666049
cur_sna_10m_20200303	KP0069_AC_SB10	40252	-1.814052734654374	-2.0067970469296914	-1.6168801319361465	-1.783591537053433	-2.4038635470298275	-1.4084573223539285	0.5925327748151203
cur_sna_10m_20200303	KP0070_AC_SB10	2612	-2.210653846166605	-2.2976424661805384	-2.13205604195835	-2.183776009923846	-2.695580605094375	-1.797388876182744	0.5398922560947783
cur_sna_10m_20200303	KP0071_AC_SB10	1636	-2.053921531510298	-2.110354226550262	-1.988071111662458	-1.9791430830759993	-2.4954000524635904	-1.6712804843462643	0.5356971706931261
cur_sna_10m_20200303	KP0072_AC_SB10	1306	-1.878134583145303	-1.903945203620975	-1.8598085960430415	-1.88067978358813	-2.244903574894551	-1.5437647448758154	0.5231046635078639
cur_sna_10m_20200303	KP0073_HU_SB10	161	-1.5692098793528657	-1.5816480837636733	-1.5570399715482894	-1.624321869555531	-1.9287586997788233	-1.2879827207529098	0.5611146987322025
cur_sna_10m_20200303	KP0074_AC_SB10	1022	-1.6283198364306277	-1.6568733354110696	-1.6045371997038058	-1.651301141528013	-1.9592870274951104	-1.2287980790466695	0.4530762467624695
cur_sna_10m_20200303	KP0076_AC_SB10	1211	-1.7074344027089163	-1.7427938736900916	-1.6863945612494655	-1.6483011396326077	-1.9566333116017303	-1.2753259989269248	0.3657657921129036
cur_sna_10m_20200303	KP0077_AC_SB10	541	-1.6380042745986425	-1.6594943448731492	-1.619829046890687	-1.6009855853355761	-1.9242497247060761	-1.205369203550932	0.3981822315166862
cur_sna_10m_20200303	KP0078_AC_SB10	584	-1.4977050886226513	-1.5197893211290343	-1.48201614854255	-1.4711453334635216	-1.842136128353737	-1.1396164375842703	0.49027955266824186
cur_sna_10m_20200303	KP0079_LM_SB10	716	-1.4264111846853542	-1.462784272744919	-1.3927120768810928	-1.3962357214943928	-1.7889254449719287	-1.0701701356740336	0.5043639408252732
cur_sna_10m_20200303	KP0082_AC_SB10	5741	-1.3678248496191099	-1.4326622857126567	-1.324519692695979	-1.425498446431677	-1.7253710900537527	-0.8873448257635705	0.4266527860406482
cur_sna_10m_20200303	KP0083_AC_SB10	5862	-1.4366139153341055	-1.5147871184082728	-1.3869211313473564	-1.4558586246485554	-1.8613259320654594	-1.0225540200166403	0.5063498319751011
cur_sna_10m_20200303	KP0084_AC_SB10	384	-1.5694624934574082	-1.5781278000129986	-1.5499161286656242	-1.5191566187066514	-1.8854714693873704	-1.1492780064579828	0.42924719091165364
cur_sna_10m_20200303	KP0085_AC_SB10	1384	-1.578751504813388	-1.603450362900003	-1.5469321885076726	-1.4717813229793473	-1.9830034536671406	-1.1203725511047282	0.46862678771759453
cur_sna_10m_20200303	KP0086_LM_SB10	4794	-1.6105708263752907	-1.6845179785215887	-1.533227765320845	-1.5430386561491665	-2.0005670974957894	-1.1291053987621658	0.4475196921301614
cur_sna_10m_20200303	KP0087_AC_SB10	1462	-1.6221132692492533	-1.6595581104091046	-1.597289240915686	-1.5797012863060187	-1.9561481841850767	-1.177588958916947	0.4290423953563513
cur_sna_10m_20200303	KP0088_AC_SB10	5483	-1.5709530144207582	-1.626902372633742	-1.4903530781902556	-1.6208087011291725	-1.9740462785126145	-1.1116629193132324	0.4674177206597299
cur_sna_10m_20200303	KP0089_AC_SB10	5868	-1.3991580232438598	-1.4486948451092108	-1.3774805122225555	-1.514242597195674	-1.8359210357170317	-0.9250643317206033	0.4795079297949422
cur_sna_10m_20200303	KP0090_AC_SB10	354	-1.4965390261188551	-1.5145725732056312	-1.485155102125058	-1.5455773209073524	-1.8805279580665284	-1.2233555591000767	0.5843047160099547
cur_sna_10m_20200303	KP0091_HU_SB10	178	-1.612816735260248	-1.6223298496834695	-1.5978755313907915	-1.5790973744452599	-1.9041596213100136	-1.26615302765936	0.4566455722388553
cur_sna_10m_20200303	KP0092_HU_SB10	304	-1.4308218683662228	-1.4461280173330424	-1.4178663188731384	-1.5033112756106088	-1.8099776205379332	-1.0269661470378997	0.48422758159200097
cur_sna_10m_20200303	KP0093_HU_SB10	314	-1.5136750162347081	-1.530056469816924	-1.4949114850468685	-1.5183193528916519	-1.872943998895422	-1.1074793505696165	0.4693475831267884
cur_sna_10m_20200303	KP0094_HU_SB10	674	-1.53400282453203	-1.560254384406325	-1.5065342245603346	-1.5227214917340892	-1.872943998895422	-1.164922591913637	0.47871599787958347
cur_sna_10m_20200303	KP0095_AC_SB10	378	-1.536836665639123	-1.5530230758032801	-1.5134747249591247	-1.5138894220940824	-1.872943998895422	-1.1542201370945548	0.46764460054816204
cur_sna_10m_20200303	KP0098_AC_SB10	635	-1.394615326580563	-1.416570407922442	-1.372462821337451	-1.4935474756495468	-1.8256403648774433	-1.0078537106551875	0.52706294003636
cur_sna_10m_20200303	KP0099_AC_SB10	161	-1.7730072644346537	-1.7870970892841025	-1.7602353551453702	-1.7284901381581357	-1.9992972522593917	-1.4321828693337664	0.3990200119019287
cur_sna_10m_20200303	KP0100_AC_SB10	630	-1.8900421214614458	-1.9135998973093329	-1.86598968460606	-1.9932285385644575	-2.309168159833821	-1.6624594596242384	0.6480909229094128
cur_sna_10m_20200303	KP0101_AC_SB10	3022	-1.4748090056428345	-1.5263905428110784	-1.4302506616558246	-1.5848859295755204	-1.8672739845334216	-1.3837415754397278	0.8116621999054864
cur_sna_10m_20200303	KP0102_AC_SB10	15036	-1.7066005512778564	-1.7807206281014136	-1.6417891795560142	-1.783244335850162	-2.1289603915308404	-1.5412297591990851	0.7186282576038597
cur_sna_10m_20200303	KP0103_AC_SB10	1325	-1.7845659206451998	-1.8315257330357704	-1.7554304234584897	-1.8172805891649297	-2.2074424316322037	-1.550080987559093	0.643293753839284
cur_sna_10m_20200303	KP0104_AC_SB10	1774	-1.6459639682442466	-1.6815582326935303	-1.6200525276053237	-1.6953463666697806	-2.0258389408417945	-1.5412297591990851	0.7838790245571956
cur_sna_10m_20200303	KP0105_AC_SB10	950	-1.6595808006896005	-1.6915295478230237	-1.626784294311649	-1.7055968636273344	-1.9891984056093126	-1.5412297591990851	0.7358050782372494
cur_sna_10m_20200303	KP0107_AC_SB10	4006	-2.0058892318907064	-2.083362513324074	-1.9322368840481314	-2.053243415462456	-2.468433790259019	-1.6064856861979446	0.5366269224203067
cur_sna_10m_20200303	KP0108_AC_SB10	1579	-2.120465740031123	-2.155337820765432	-2.078632879447807	-2.08512890762679	-2.5311208937570213	-1.7057668612136916	0.49755030875715717
cur_sna_10m_20200303	KP0109_LM_SB10	4067	-2.275854527675283	-2.3411751744853073	-2.2127888231643205	-2.1504705819002017	-2.7152909948370185	-1.8045116202750056	0.48248399056363944
cur_sna_10m_20200303	KP0112_AC_SB10	1254	-2.066911858903761	-2.0936511406363905	-2.0446359465758777	-2.0845452723913658	-2.4468921651714064	-1.7004403173322806	0.5090486511188034
cur_sna_10m_20200303	KP0113_LM_SB10	4112	-2.5248377950351273	-2.6003199953847247	-2.4521128130672336	-2.5350270958749053	-2.961184191374511	-2.1674662300718794	0.5497499333683493
cur_sna_10m_20200303	KP0116_AC_SB10	3076	-2.146836908696233	-2.186506949078945	-2.112570662688275	-2.250012132759188	-2.4268629028266995	-1.7844690260103924	0.4359101234250092
cur_sna_10m_20200303	KP0117_AC_SB10	1753	-2.232252740170225	-2.2755930078551048	-2.1911754398884855	-2.2260575864354455	-2.6337371637463898	-1.9500592136330317	0.5872420245666781
cur_sna_10m_20200303	KP0119_AC_SB10	6341	-1.7034474500052428	-1.795809096610814	-1.6605041026698595	-1.7033513741179056	-2.0920489283288113	-1.3083496004336148	0.4958553165628539
cur_sna_10m_20200303	KP0121_AC_SB10	702	-2.1108405482374724	-2.1353537565939478	-2.087731881769801	-2.1365342428993337	-2.443865407275864	-1.9010533751622176	0.6135178281543094
cur_sna_10m_20200303	KP0122_AC_SB10	1499	-1.6230384510879359	-1.671477918156239	-1.5894543893609965	-1.657198187314043	-1.9150174195951548	-1.2809097527420803	0.4604564552203589
cur_sna_10m_20200303	KP0123_AC_SB10	10086	-1.9466629711875292	-2.025679298464674	-1.8918820126903473	-2.1455564743613	-2.409753930000258	-1.8177123183374642	0.7821932608961433
cur_sna_10m_20200303	KP0124_AC_SB10	1852	-1.949265918432925	-1.9880496194425716	-1.9174946333410516	-2.101656175037391	-2.3399841999616773	-1.7536599035531037	0.666385964085112
cur_sna_10m_20200303	KP0125_AC_SB10	610	-2.0577821944656893	-2.080886368483878	-2.0424564071446007	-2.122520586239785	-2.3399841999616773	-1.7690451566035061	0.49427694388550025
cur_sna_10m_20200303	KP0126_AC_SB10	7645	-2.2567668123075295	-2.321244635253901	-2.190314542149437	-2.3325122322548686	-2.6664600167857455	-1.8880944114994116	0.5263506014342758
cur_sna_10m_20200303	KP0127_AC_SB10	5553	-2.1906503955552745	-2.235774482046371	-2.1561478312925226	-2.302547481499463	-2.666857767496474	-1.959620351896891	0.6733345287416386
cur_sna_10m_20200303	KP0128_LM_SB10	274	-2.4258931991791024	-2.449634176550468	-2.4030187573043627	-2.3661144941282566	-2.723710264978832	-2.0980065117633906	0.47597135908050975
cur_sna_10m_20200303	KP0129_AC_SB10	1657	-2.4774915891246807	-2.528315731843004	-2.441055725799524	-2.514155255074297	-2.7724702265227132	-2.213723535946048	0.5279290998459322
cur_sna_20m_20200303	KP0613_LM_SB20	15916	-1.6466065074191318	-1.7649400243487865	-1.5430786878963902	-1.6912085447820069	-2.0700404084178072	-1.2126374704557927	0.49385636816821216
cur_sna_20m_20200303	KP0614_LM_SB20	7913	-1.8421621521869596	-1.9094783689451948	-1.7667958821459864	-1.7291261645403284	-2.1590668234399444	-1.341101645546835	0.38743051638122117
cur_sna_20m_20200303	KP0615_AC_SB20	224	-2.0680782487418816	-2.0781546199797987	-2.0618611931010937	-2.0387777178577218	-2.3779686780565044	-1.7377591889884105	0.48404535485049993
cur_sna_20m_20200303	KP0616_LM_SB20	3749	-1.6661700540090256	-1.6882841551755257	-1.6221754144450165	-1.5087769538155982	-1.8485009396980567	-1.260075523738858	0.30986235594839406
cur_sna_20m_20200303	KP0617_LM_SB20	19935	-2.19384052993767	-2.33458409451753	-2.094824447359307	-2.1937236993099725	-2.568094010411601	-1.7503592279171822	0.457670981454779
cur_sna_20m_20200303	KP0618_LM_SB20	7488	-0.9707505149113033	-1.0654381137185494	-0.8978299078126742	-1.0314452301366022	-1.4083909594455095	-0.6097552299626625	0.5479850554865587
cur_sna_20m_20200303	KP0619_AC_SB20	2118	-2.05162483110114	-2.0875502300582616	-2.025405072176397	-2.0706479702452083	-2.4607741625317865	-1.672623876324322	0.5191260329288854
cur_sna_20m_20200303	KP0620_LM_SB20	10419	-1.0118196220836904	-1.073158949308317	-0.9232765374312372	-0.9687947814828395	-1.4041725419922855	-0.5315781687869384	0.4496395254846125
cur_sna_20m_20200303	KP0621_LM_SB20	7427	-1.9798926724574673	-2.0570394485569223	-1.8886335224942579	-1.9464690329835612	-2.4220367572580135	-1.480539204512344	0.46961788005835037
cur_sna_20m_20200303	KP0623_LM_SB20	29813	-2.2948963156106057	-2.447034066259617	-2.114089555474279	-2.263226547506275	-2.592531051912129	-1.691925093539354	0.3304827527893476
