plot_name	sample_name	colony_points	ground_elevation	overhang_prop	outcrop_prop	environment_rugosity	colony_radius	environment_radius
SB10	KP0051_AC_SB10	5484	52.944112	0.625487709	0.512025951	1.861641297	0.097040024	0.1
SB10	KP0052_AC_SB10	3322	66.73548997	0.024650464	0.514534722	2.464029338	0.08269655	0.1
SB10	KP0053_AC_SB10	474	92.95332252	0	0.559153323	2.161755305	0.039859705	0.1
SB10	KP0054_AC_SB10	258	49.19085818	0.032330547	0.484714478	1.969324231	0.033564081	0.1
SB10	KP0056_AC_SB10	178	72.63416002	0.067516264	0.565087919	2.042426709	0.021139549	0.1
SB10	KP0057_AC_SB10	2789	99.65905439	0.004517481	0.490299922	1.988207443	0.066567893	0.1
SB10	KP0058_AC_SB10	3559	96.77251753	0.042352437	0.585617837	2.335885513	0.071248696	0.1
SB10	KP0059_AC_SB10	194	25.30879314	0	0.52808008	1.729844682	0.024808335	0.1
SB10	KP0061_AC_SB10	5656	59.99263387	0	0.694316797	2.162699973	0.116094444	0.1
SB10	KP0062_AC_SB10	3336	38.73216599	0.026355836	0.54284516	2.323978548	0.073328225	0.1
SB10	KP0064_AC_SB10	2783	39.99851575	0.006362724	0.523535195	2.13184936	0.06355515	0.1
SB10	KP0065_AC_SB10	758	79.93542284	0	0.672958429	1.831786209	0.039422914	0.1
SB10	KP0069_AC_SB10	40251	129.2556379	0.010507161	0.526035336	2.289461575	0.214680307	0.1
SB10	KP0070_AC_SB10	2611	103.2992332	0.801518886	0.352384536	1.66155053	0.087469375	0.1
SB10	KP0072_AC_SB10	1305	34.05565138	0.077773522	0.470830794	1.834969161	0.038694466	0.1
SB10	KP0073_HU_SB10	160	42.53015593	0	0.552716885	1.807756658	0.020375636	0.1
SB10	KP0074_AC_SB10	1021	59.08798828	0	0.583050538	1.619879837	0.046878399	0.1
SB10	KP0077_AC_SB10	540	92.48235159	0.160809942	0.436817622	1.781055432	0.04150118	0.1
SB10	KP0078_AC_SB10	583	33.9320351	0.803395139	0.487073245	1.964451182	0.02975105	0.1
SB10	KP0084_AC_SB10	383	24.6273695	0.562208502	0.370087844	2.121097707	0.030651662	0.1
SB10	KP0086_LM_SB10	4793	36.26206561	0.131003647	0.503602683	1.615623579	0.095980105	0.1
SB10	KP0088_AC_SB10	5482	104.5150193	0.044670117	0.600561385	1.450427543	0.11317729	0.1
SB10	KP0089_AC_SB10	5867	119.3368774	0	0.702075964	2.137661831	0.083358004	0.1
SB10	KP0090_AC_SB10	353	27.953231	0	0.727056134	1.482719128	0.030657233	0.1
SB10	KP0095_AC_SB10	377	102.1444347	0.50105921	0.468957726	1.636644453	0.03018057	0.1
SB10	KP0098_AC_SB10	634	11.91236392	0.230598585	0.473372333	2.310815719	0.039705085	0.1
SB10	KP0099_AC_SB10	160	44.89168957	0.65767025	0.409846387	1.574263453	0.017943288	0.1
SB10	KP0100_AC_SB10	629	8.918046257	0	0.580015627	2.049338248	0.028064383	0.1
SB10	KP0102_AC_SB10	15035	39.15311912	0	0.686029368	2.263147329	0.149905733	0.1
SB10	KP0103_AC_SB10	1324	77.37756839	0.415300824	0.593807425	2.488396001	0.047936712	0.1
SB10	KP0104_AC_SB10	1773	34.47088888	0	0.640718707	1.973202095	0.060566152	0.1
SB10	KP0105_AC_SB10	949	41.69480132	0.018507383	0.595046925	1.902534834	0.038324767	0.1
SB10	KP0108_AC_SB10	1578	32.5875717	0.018937812	0.511484228	1.319160178	0.051093048	0.1
SB10	KP0109_LM_SB10	4066	45.08584168	0.719026767	0.485384344	1.859159138	0.087453353	0.1
SB10	KP0112_AC_SB10	1253	12.0074556	0.211476195	0.473670988	1.944570363	0.042757097	0.1
SB10	KP0116_AC_SB10	3075	4.468737662	0	0.802953677	1.792197024	0.080813459	0.1
SB10	KP0117_AC_SB10	1752	114.3670011	0.115536356	0.515978403	2.153573747	0.054821094	0.1
SB10	KP0119_AC_SB10	6340	19.7509793	0.010492885	0.376553007	1.463763364	0.128527709	0.1
SB10	KP0121_AC_SB10	701	31.25911104	0	0.587512467	1.352896626	0.038867015	0.1
SB10	KP0122_AC_SB10	1498	53.47740562	0.140879835	0.502396437	2.18338456	0.050857853	0.1
SB10	KP0123_AC_SB10	10085	35.41937052	0	0.769343354	2.344395389	0.1224403	0.1
SB10	KP0125_AC_SB10	609	96.33013569	0	0.553450867	2.367186411	0.030057316	0.1
SB10	KP0127_AC_SB10	5552	47.70497656	0	0.772078555	1.932941592	0.105998217	0.1
SB10	KP0129_AC_SB10	1656	45.68648951	0	0.755532297	1.70207786	0.047252083	0.1
SB05	KP0130_AC_SB05	468	44.92635845	0.393398184	0.462967091	1.836318796	0.027113179	0.1
SB05	KP0132_HU_SB05	404	50.13035135	0.00239846	0.615501354	1.963811649	0.029241196	0.1
SB05	KP0134_HU_SB05	108	40.8185042	0.170132807	0.42178988	1.337020104	0.021112689	0.1
SB05	KP0135_HU_SB05	680	39.82183558	0.001713371	0.785051568	1.397822128	0.034287233	0.1
SB05	KP0137_HU_SB05	249	114.4819202	0.132107535	0.507518928	1.65488291	0.022478684	0.1
SB05	KP0139_HU_SB05	106	121.1281931	0.049736414	0.460653717	1.431481049	0.013775104	0.1
SB05	KP0140_HU_SB05	198	82.57973332	0.078406334	0.324000257	1.384437445	0.016879703	0.1
WP20	KP0289_AC_WP20	2664	31.455011	0	0.743359332	1.436433379	0.085249126	0.1
WP20	KP0290_LM_WP20	3615	13.7568374	0	0.596240742	1.54321025	0.101559936	0.1
WP20	KP0291_AC_WP20	464	112.5692498	0.275766414	0.466194211	2.65781465	0.036430248	0.1
WP20	KP0292_AC_WP20	874	89.93468422	0	0.80181595	3.654288768	0.042026475	0.1
WP20	KP0293_LM_WP20	21259	33.15944289	0.005623529	0.551282361	1.653067255	0.201365218	0.1
WP20	KP0294_AC_WP20	1631	90.38234631	0.359394472	0.51732547	2.017058106	0.072092662	0.1
WP20	KP0296_AC_WP20	344	125.0853555	0	0.568505239	1.814566827	0.027384867	0.1
WP20	KP0299_AC_WP20	740	30.52994325	0	0.692598481	2.231546202	0.039084596	0.1
WP20	KP0300_AC_WP20	1071	67.52242017	0.278675248	0.67871109	2.433734882	0.040144848	0.1
WP20	KP0301_AC_WP20	338	27.42248703	0	0.501961061	2.432880966	0.034438942	0.1
WP20	KP0303_AC_WP20	1516	97.4467351	0.013532678	0.636372846	2.234469245	0.057614196	0.1
WP20	KP0304_AC_WP20	8853	96.3872564	0	0.661490855	2.431284662	0.117157139	0.1
WP20	KP0305_AC_WP20	3172	107.0639078	0	0.710822853	1.930984308	0.090841802	0.1
WP20	KP0311_AC_WP20	418	37.28588073	0	0.659071074	1.88105423	0.036375614	0.1
WP20	KP0317_AC_WP20	231	95.65634657	0	0.526492832	1.958078264	0.028740081	0.1
WP20	KP0318_LM_WP20	585	33.09422948	0.026363636	0.669282373	1.233733448	0.040168077	0.1
WP20	KP0319_LM_WP20	2804	41.80148041	0.316381032	0.34974716	1.467360647	0.082207723	0.1
WP20	KP0322_LM_WP20	34378	45.51235285	0.027713857	0.488805035	1.399270031	0.301774182	0.1
WP20	KP0323_AC_WP20	33	114.5112433	0	0.663032533	2.5772786	0.015071319	0.1
WP20	KP0324_AC_WP20	3387	95.25110016	0	0.762301717	2.745769605	0.084695315	0.1
WP20	KP0325_AC_WP20	1300	57.51811385	0.073175882	0.680812109	1.931784922	0.047099768	0.1
WP20	KP0326_AC_WP20	2331	42.79508342	0	0.822826347	1.944089314	0.070991224	0.1
WP20	KP0327_AC_WP20	4047	40.65048787	0.058054173	0.521207735	2.300644154	0.096191563	0.1
WP20	KP0328_LM_WP20	2212	47.7285936	0.021484681	0.509407719	1.583369679	0.065765295	0.1
WP20	KP0329_AC_WP20	4746	69.52997106	0.04422495	0.578710994	1.817114606	0.096745034	0.1
WP20	KP0330_LM_WP20	8968	36.87684766	0.04064336	0.544265877	2.097379752	0.129048613	0.1
WP20	KP0331_AC_WP20	3292	112.1669774	0.11315563	0.53040244	2.035390864	0.084225709	0.1
WP20	KP0332_AC_WP20	3312	50.3873396	0	0.741759008	2.499401301	0.068506105	0.1
WP20	KP0334_AC_WP20	2274	78.30445556	0.23557989	0.634218453	2.732283392	0.059932307	0.1
WP20	KP0335_AC_WP20	525	89.28905413	0	0.823088785	1.891674519	0.043311154	0.1
WP20	KP0336_AC_WP20	1049	92.47072086	0	0.846297413	1.581803498	0.048816625	0.1
WP20	KP0337_AC_WP20	1082	101.1701915	0	0.790683974	1.998063396	0.043537488	0.1
WP20	KP0340_AC_WP20	6281	52.05090216	0.047213351	0.553689164	1.641595836	0.157455789	0.1
WP20	KP0341_LM_WP20	4533	76.65051739	0.077077482	0.471084377	1.475661587	0.114100817	0.1
WP20	KP0342_LM_WP20	20736	4.498901226	0.060549726	0.4172802	1.591256331	0.239162946	0.1
WP20	KP0343_LM_WP20	4560	77.96194837	0.030123155	0.447702985	1.662387639	0.108261889	0.1
WP20	KP0345_LM_WP20	20163	123.006114	0.007997632	0.474309863	2.10066092	0.199093188	0.1
WP20	KP0346_AC_WP20	2064	132.0967961	0.001188373	0.666450423	1.944869308	0.068671136	0.1
WP20	KP0347_AC_WP20	4651	122.0909898	0.016158271	0.573592425	1.678693665	0.125019598	0.1
WP20	KP0348_LM_WP20	25073	51.10849713	0.055628376	0.523943383	1.722499281	0.23662816	0.1
WP20	KP0349_LM_WP20	40997	41.86631503	0.006559215	0.527637165	1.937962229	0.273026254	0.1
WP20	KP0350_LM_WP20	76023	131.0518583	0.081967346	0.349459168	1.80779188	0.382630162	0.1
WP20	KP0352_AC_WP20	8839	82.05950838	0	0.728935974	2.583609068	0.11104871	0.1
WP20	KP0354_AC_WP20	286	35.37997895	0.089270489	0.541096141	2.674970647	0.030967317	0.1
WP20	KP0355_AC_WP20	2774	98.99107397	0.001940567	0.676205671	2.256940334	0.073118932	0.1
WP20	KP0360_AC_WP20	829	61.95916349	0	0.617866106	1.78961615	0.056295063	0.1
WP20	KP0362_AC_WP20	700	63.10304887	0	0.822747397	1.575864916	0.051333062	0.1
WP20	KP0363_AC_WP20	3409	43.55837879	0.126766924	0.454548652	2.344432319	0.099460385	0.1
WP20	KP0365_AC_WP20	710	83.26453898	0.130062401	0.533327935	1.79277264	0.037198058	0.1
WP20	KP0367_AC_WP20	1112	95.26481516	0	0.693571495	2.448494869	0.055949553	0.1
WP20	KP0368_AC_WP20	729	92.50046321	0	0.812158865	1.985013988	0.048004886	0.1
WP20	KP0369_AC_WP20	5126	51.01482874	0.042706873	0.46803912	1.772084556	0.125566158	0.1
WP20	KP0372_AC_WP20	17069	9.002283675	0	0.618483022	2.637641433	0.163286081	0.1
WP20	KP0373_AC_WP20	666	67.80031336	0.08938991	0.498974033	1.593842489	0.042335217	0.1
WP20	KP0374_AC_WP20	10912	45.62630994	0	0.509884393	2.31019029	0.165208639	0.1
WP20	KP0375_LM_WP20	7150	126.4513821	0.316622077	0.443613906	2.34317245	0.135602584	0.1
WP20	KP0377_LM_WP20	20197	14.66923462	9.33E-05	0.545392887	2.08974007	0.198520415	0.1
WP20	KP0378_AC_WP20	229	45.54688753	0.029791726	0.772083461	2.038583609	0.025266722	0.1
WP20	KP0379_AC_WP20	12	38.44145749	0	0.533835317	1.273622465	0.005621714	0.1
WP20	KP0380_LM_WP20	3558	33.15436076	0.177605572	0.423717143	1.635875314	0.088943434	0.1
WP20	KP0382_AC_WP20	473	72.78123444	0.308421511	0.56031835	2.144542652	0.041059972	0.1
WP20	KP0383_AC_WP20	2065	114.2290555	1.022376042	0.531653078	1.632241678	0.092074805	0.1
WP20	KP0384_AC_WP20	13872	50.52040089	0.222123902	0.569566005	1.590722463	0.208410808	0.1
WP20	KP0385_AC_WP20	6400	57.97756322	0.015004441	0.70399205	1.177222762	0.159628158	0.1
WP20	KP0386_AC_WP20	145	75.6858062	0	0.691446508	1.254863396	0.02891163	0.1
WP20	KP0388_AC_WP20	210	121.2867545	0.024412365	0.582347502	1.469297934	0.035238071	0.1
WP20	KP0389_AC_WP20	287	99.45346356	0	0.886643578	1.339798009	0.039344464	0.1
WP20	KP0390_AC_WP20	41	45.39413316	0	0.610949783	1.519423383	0.011703848	0.1
WP20	KP0392_AC_WP20	1805	82.20600075	0.221310706	0.50584358	2.821896639	0.061720577	0.1
WP20	KP0393_AC_WP20	169	89.06327301	0	0.555534957	2.645777374	0.022032258	0.1
WP20	KP0394_AC_WP20	1522	97.5607086	0	0.694401807	2.101419079	0.053877794	0.1
WP20	KP0395_AC_WP20	122	98.02316928	0	0.858061534	2.415867435	0.019780927	0.1
WP20	KP0396_AC_WP20	172	39.30791819	0	0.703340471	2.25803608	0.020102184	0.1
WP20	KP0399_LM_WP20	2589	51.23508699	0.341822771	0.426119247	1.588141464	0.081467845	0.1
WP20	KP0400_LM_WP20	114393	29.32322055	0.196422863	0.372004036	2.051860486	0.409959813	0.1
WP20	KP0405_AC_WP20	666	85.94787436	0	0.626618867	1.771352415	0.036244401	0.1
CA05	KP0407_AC_CA05	22309	39.8885596	0.004488177	0.605093018	2.519445117	0.17316567	0.1
CA05	KP0408_AC_CA05	17997	113.0898415	0	0.745199362	1.855970105	0.192859475	0.1
CA05	KP0409_AC_CA05	767	109.4229415	0	0.741599779	1.567749602	0.038422794	0.1
CA05	KP0413_HU_CA05	615	4.59906885	0	0.452970864	1.525419552	0.04144743	0.1
CA05	KP0414_HU_CA05	108	97.84623817	0.171334528	0.488908152	1.401538189	0.01598585	0.1
CA05	KP0415_HU_CA05	218	17.41180955	0	0.552424705	1.728908101	0.021679914	0.1
CA05	KP0417_HU_CA05	73	15.3958314	0	0.899314226	1.432647348	0.012800059	0.1
CA05	KP0418_HU_CA05	121	56.73375369	0.007759938	0.656912668	1.703001148	0.015623073	0.1
CA05	KP0419_HU_CA05	123	57.03415314	0.322100684	0.533228447	1.665117499	0.015446798	0.1
CA05	KP0424_AC_CA05	1183	47.11873215	0	0.80297373	1.624527817	0.053911536	0.1
CA05	KP0426_HU_CA05	303	69.99788408	0	0.754636187	1.73943792	0.027047408	0.1
CA05	KP0432_HU_CA05	138	52.25465877	0.101826293	0.50492348	2.321670128	0.017281002	0.1
CA05	KP0433_AC_CA05	57078	20.9075031	0.000706851	0.715586143	2.175205217	0.291162198	0.1
CA05	KP0434_HU_CA05	364	58.86086057	1.018024524	0.475671221	1.96583799	0.028186064	0.1
CA05	KP0435_HU_CA05	1007	80.49483221	0.76789401	0.478656184	1.984889312	0.043066601	0.1
CA05	KP0436_HU_CA05	93	65.16174038	0.076383897	0.653383738	1.80291776	0.015250496	0.1
CA05	KP0439_HU_CA05	196	4.334470268	0	0.399501054	1.871717783	0.024221622	0.1
CA05	KP0440_HU_CA05	1409	49.93745978	0	0.822498489	1.662607338	0.052379099	0.1
CA05	KP0441_AC_CA05	389	101.4278908	0	0.531983201	1.679239676	0.031691676	0.1
CA05	KP0442_HU_CA05	242	31.38820462	0	0.82059436	1.509339731	0.022961929	0.1
WP20	KP0450_AC_WP20	5811	43.10929556	0.040705435	0.413517911	1.801117614	0.125069273	0.1
WP20	KP0454_AC_WP20	19916	85.19682745	0.002528611	0.699898491	3.095002431	0.160904927	0.1
WP20	KP0459_LM_WP20	10991	17.64929503	0.115336716	0.502818404	1.544230846	0.160480317	0.1
WP20	KP0461_AC_WP20	373	50.83382023	0.041071597	0.68062886	1.961708934	0.026968434	0.1
WP20	KP0462_AC_WP20	992	35.13789357	0.011196396	0.488549482	2.054919988	0.061730118	0.1
WP20	KP0463_AC_WP20	823	48.02878188	0.002140359	0.816182671	1.978264823	0.049244283	0.1
WP20	KP0464_AC_WP20	6458	44.22435785	0.361921769	0.436138948	1.940325097	0.121609829	0.1
WP20	KP0467_AC_WP20	6169	27.3904578	0	0.789644726	3.092294701	0.100126868	0.1
WP20	KP0468_AC_WP20	1707	81.56771891	0.20017653	0.530532805	2.687135282	0.056622137	0.1
WP20	KP0470_AC_WP20	20227	71.61050776	0.064109641	0.537967966	2.53222188	0.187083056	0.1
WP20	KP0471_AC_WP20	11195	87.12373714	0.146794988	0.529813957	1.9907969	0.137093326	0.1
WP20	KP0473_LM_WP20	89	93.94251232	0.047294501	0.348742677	2.852389986	0.0188433	0.1
WP20	KP0474_AC_WP20	26	107.8565734	0.062473462	0.640749454	2.725928066	0.009403585	0.1
WP20	KP0475_AC_WP20	1533	81.20236005	0.204024767	0.659799259	2.672362544	0.049916775	0.1
WP20	KP0477_AC_WP20	5443	104.7324748	0	0.73656727	3.238068848	0.084283834	0.1
WP20	KP0479_AC_WP20	10052	23.35045202	0	0.509219623	2.411847851	0.142795916	0.1
WP20	KP0481_AC_WP20	1156	67.0183725	0	0.636148142	1.871277506	0.066819294	0.1
WP20	KP0482_LM_WP20	14382	107.900897	0.075492729	0.474984504	1.825522442	0.18914365	0.1
WP20	KP0484_AC_WP20	2060	59.1934898	0.308179763	0.392634902	1.401188321	0.08522142	0.1
WP20	KP0485_AC_WP20	2111	72.67869098	0	0.746918294	2.639448616	0.070256649	0.1
WP20	KP0486_AC_WP20	4606	12.45887107	0	0.642658048	2.356062035	0.082353907	0.1
WP20	KP0487_AC_WP20	1486	87.39284038	0	0.590202207	2.34627282	0.052663693	0.1
WP20	KP0488_AC_WP20	595	103.6470346	0	0.692538999	2.830053537	0.049312758	0.1
WP20	KP0489_AC_WP20	392	81.13850752	0	0.563367955	2.030165331	0.044249919	0.1
WP20	KP0490_AC_WP20	717	85.20802747	0.006409973	0.773821593	3.10746941	0.036550112	0.1
WP20	KP0491_AC_WP20	441	102.3475532	0	0.522304644	1.581314692	0.046890769	0.1
WP20	KP0492_AC_WP20	10239	92.31311285	0.01423838	0.607104232	2.811861911	0.119964167	0.1
WP20	KP0493_AC_WP20	383	75.76881453	0	0.66776025	3.008627589	0.033804956	0.1
WP20	KP0494_AC_WP20	7639	103.9444953	0	0.685884828	2.374727795	0.100156727	0.1
WP20	KP0495_AC_WP20	842	75.92022619	0	0.786533441	2.102214326	0.047840205	0.1
WP20	KP0499_AC_WP20	897	86.20318748	0	0.765320603	2.661010385	0.035741149	0.1
WP20	KP0501_AC_WP20	1420	82.12731259	0	0.611947473	2.150767246	0.063772773	0.1
WP20	KP0505_AC_WP20	12662	38.69185131	0	0.665553754	2.357981892	0.145431859	0.1
WP20	KP0508_AC_WP20	2018	33.12354109	0.007414839	0.502875121	2.143730865	0.073499008	0.1
WP20	KP0510_AC_WP20	473	50.01622873	0	0.626422938	3.233884852	0.033360982	0.1
WP20	KP0512_AC_WP20	585	107.0072449	0	0.742852503	2.474493234	0.041087147	0.1
WP20	KP0513_AC_WP20	63	68.86720766	0	0.494247552	1.482967168	0.016552957	0.1
WP20	KP0515_AC_WP20	2210	44.86904404	1.01487118	0.4796654	1.682274905	0.078737784	0.1
WP20	KP0516_AC_WP20	849	82.79458124	0	0.632903872	2.006471081	0.047835997	0.1
WP20	KP0521_AC_WP20	3477	43.43247499	0	0.760263557	2.287912705	0.07821021	0.1
WP20	KP0522_AC_WP20	6129	124.7706355	0.011843058	0.706394391	2.732302393	0.09488896	0.1
WP20	KP0523_AC_WP20	2824	19.1200406	0.057045536	0.522198033	2.330019979	0.077808842	0.1
WP20	KP0524_AC_WP20	1599	43.96425731	0	0.775917654	2.056722787	0.054805363	0.1
WP20	KP0526_AC_WP20	3599	69.32862128	0.244599087	0.624880669	3.38239762	0.066340771	0.1
WP20	KP0528_AC_WP20	4112	78.30697033	0.059549221	0.665061699	2.861105925	0.079365199	0.1
WP20	KP0529_LM_WP20	312	19.51650556	0.070777006	0.425153094	1.495086941	0.039572574	0.1
WP20	KP0530_AC_WP20	358	87.34949149	0.104736261	0.629841485	3.397020422	0.025567452	0.1
WP20	KP0532_AC_WP20	9845	110.6706589	0	0.655259629	2.408921416	0.107389114	0.1
WP20	KP0533_AC_WP20	167	16.41121332	0	0.668306961	1.415733194	0.021640382	0.1
WP20	KP0535_AC_WP20	3912	29.00113648	0.068234723	0.471669418	1.756905931	0.084816322	0.1
WP20	KP0536_AC_WP20	7338	64.43299562	0.002319034	0.762893859	2.117420973	0.107977732	0.1
WP20	KP0537_AC_WP20	374	27.08427237	0	0.549558013	2.15714164	0.026961915	0.1
WP20	KP0539_AC_WP20	1717	93.55149456	0	0.781787105	3.007358306	0.066862937	0.1
WP20	KP0540_AC_WP20	48	79.40336833	0.099649892	0.550007215	2.634643343	0.014346113	0.1
WP20	KP0545_AC_WP20	5637	107.9525186	0.460460671	0.481888064	2.165121383	0.095312584	0.1
WP20	KP0547_LM_WP20	6589	52.06490472	0.214269015	0.535893575	1.777170343	0.123766436	0.1
WP20	KP0548_LM_WP20	22283	85.28572007	0.15775881	0.469769716	1.427841849	0.224747319	0.1
WP20	KP0549_AC_WP20	1695	30.19839089	0.398157435	0.410924955	2.051039552	0.062400678	0.1
WP20	KP0551_LM_WP20	3614	7.087714066	0.296962149	0.337349317	1.292031494	0.096304213	0.1
WP20	KP0552_AC_WP20	3905	27.83190347	0	0.692024817	1	0.155734056	0.1
WP20	KP0554_AC_WP20	7309	19.77821706	0.000140082	0.648713939	2.588927391	0.111378898	0.1
WP20	KP0557_AC_WP20	4150	49.26982241	0.632432266	0.425455943	1.376699502	0.089357327	0.1
WP20	KP0558_LM_WP20	17637	130.8275432	0.000812992	0.57983979	1.648214114	0.20877568	0.1
WP20	KP0559_AC_WP20	2727	38.94449759	0.115867423	0.428888083	1.535223302	0.077039444	0.1
WP20	KP0563_AC_WP20	128	119.7805507	0.68098324	0.540790863	2.947756259	0.020147801	0.1
WP20	KP0568_AC_WP20	644	70.40548652	0	0.604640193	2.484794996	0.045830184	0.1
WP20	KP0569_AC_WP20	2967	26.62318023	0.008624764	0.528251676	2.62394436	0.064940489	0.1
WP20	KP0570_LM_WP20	7506	32.3419859	0.000811159	0.425071151	1.575612718	0.139762695	0.1
WP20	KP0571_AC_WP20	577	57.03611777	0.24238885	0.638174338	1.891457409	0.035877902	0.1
WP20	KP0572_AC_WP20	1226	59.78948317	0	0.563840034	2.002664543	0.049217962	0.1
WP20	KP0575_AC_WP20	5918	57.60681548	0	0.638012006	2.787101351	0.130679417	0.1
WP20	KP0579_AC_WP20	1050	32.72284598	0.660943796	0.446499991	1.486663827	0.049469723	0.1
WP20	KP0581_AC_WP20	532	94.07280215	0.308502587	0.513155731	1	0.048167724	0.1
WP20	KP0582_AC_WP20	30	121.9905451	0.043148539	0.725897255	2.083628288	0.009521634	0.1
WP20	KP0583_LM_WP20	6160	114.0680344	0.301037547	0.490985276	1.843022907	0.132605128	0.1
WP20	KP0584_AC_WP20	1399	86.46316835	0.061903327	0.557308861	2.189534454	0.063295344	0.1
WP20	KP0585_LM_WP20	6477	119.5072674	0.000552927	0.76478015	1.69455252	0.134678833	0.1
WP20	KP0588_LM_WP20	12237	101.8249376	0.328147174	0.494059535	1.890683452	0.186130665	0.1
WP20	KP0590_AC_WP20	740	55.81365978	0.009260512	0.755455686	2.600972886	0.039657299	0.1
WP20	KP0591_AC_WP20	235	52.81281848	0.204854333	0.49410018	2.412015838	0.032127635	0.1
SB20	KP0613_LM_SB20	15915	67.35741862	0.009420605	0.592912259	2.299504264	0.154201696	0.1
SB20	KP0614_LM_SB20	7912	120.0945538	0.480304155	0.364440692	2.149290594	0.112856415	0.1
SB20	KP0616_LM_SB20	3748	27.92908033	0.031995051	0.276672074	1.38205244	0.076378022	0.1
SB20	KP0617_LM_SB20	19934	36.69364405	0.002735025	0.573650653	2.49170548	0.178762502	0.1
SB20	KP0618_LM_SB20	7487	99.94629522	0.354586282	0.552160565	2.414130675	0.109613359	0.1
SB20	KP0620_LM_SB20	10418	32.31174325	0.905183762	0.500873646	1.463055877	0.135146664	0.1
SB20	KP0626_AC_SB20	8638	26.94279021	0.015661612	0.673432317	2.043491816	0.12053656	0.1
SB20	KP0629_LM_SB20	5091	35.23791982	0.477471094	0.480086512	2.374494741	0.097634388	0.1
SB20	KP0631_LM_SB20	11053	14.12181821	0.325889709	0.251972057	1.517083483	0.14461323	0.1
SB20	KP0636_AC_SB20	1608	24.95663808	0	0.829093549	1.988463159	0.058943036	0.1
SB20	KP0637_LM_SB20	18361	43.90283976	0.001121549	0.621602249	1.885782823	0.148324258	0.1
SB20	KP0638_AC_SB20	9666	71.41065978	0	0.506107593	1.841819614	0.126373101	0.1
SB20	KP0639_LM_SB20	53408	128.8076793	0.340421314	0.427979436	2.136499819	0.292263626	0.1
SB20	KP0640_AC_SB20	13705	45.95703501	0.081169842	0.48327496	2.591899059	0.129908484	0.1
SB20	KP0643_AC_SB20	4810	4.002877778	0.007996379	0.621352741	1.736849536	0.076874079	0.1
SB20	KP0646_AC_SB20	785	96.14495998	0	0.904506447	2.190474638	0.041002717	0.1
SB20	KP0647_AC_SB20	1629	56.29868005	0	0.696483692	1.948209276	0.078099892	0.1
SB20	KP0648_AC_SB20	2835	45.03323376	0.131194611	0.61282359	2.465294498	0.056384982	0.1
SB20	KP0649_AC_SB20	6503	7.727757806	0.12767941	0.520843117	2.169892184	0.107216378	0.1
SB20	KP0650_LM_SB20	21942	32.72393264	0	0.608197129	2.583960367	0.155167491	0.1
SB20	KP0652_AC_SB20	894	2.783224163	1.097851364	0.463735867	2.009944971	0.038368313	0.1
SB20	KP0654_AC_SB20	11623	112.0289839	0.000887116	0.611062725	1.620417303	0.115891396	0.1
SB20	KP0657_LM_SB20	3817	10.16950866	0.064811171	0.394044096	1.121193947	0.093492307	0.1
SB20	KP0658_AC_SB20	4907	28.2858329	4.56E-07	0.575536191	1.75338185	0.069824519	0.1
SB20	KP0659_LM_SB20	304	53.34483334	0.814467164	0.336116698	1.649578612	0.024859436	0.1
SB20	KP0660_AC_SB20	257	123.7778833	0	0.824486652	1.622827265	0.026157851	0.1
SB20	KP0661_AC_SB20	181	2.510961985	0	0.58926979	1.943306063	0.02251305	0.1
SB20	KP0662_AC_SB20	10678	130.7728562	0.00644118	0.607623607	2.407594196	0.107260214	0.1
SB20	KP0664_LM_SB20	14662	27.91692424	0.060551528	0.485666722	2.349245435	0.160329114	0.1
SB20	KP0665_AC_SB20	5961	21.22152463	0	0.526642552	1.88530512	0.106708495	0.1
SB20	KP0666_LM_SB20	26361	11.28316778	0	0.675973326	2.336743641	0.213111277	0.1
SB20	KP0668_AC_SB20	3768	12.50711651	0.002191082	0.416126269	2.079198442	0.093659147	0.1
SB20	KP0670_LM_SB20	644	112.8658378	0.118328998	0.537281662	2.011537739	0.04169503	0.1
SB20	KP0676_LM_SB20	37911	130.1585913	0.06699212	0.527535078	4.075729529	0.229061011	0.1
SB20	KP0678_AC_SB20	1512	41.83120164	0.025408101	0.475645384	2.56227101	0.054304452	0.1
SB20	KP0679_AC_SB20	1212	88.23398914	0.17832511	0.576386252	2.344238422	0.041571257	0.1
SB20	KP0680_LM_SB20	18367	34.6402519	0.10015238	0.466478196	2.209512392	0.16880613	0.1
SB20	KP0681_AC_SB20	1264	123.8763296	0	0.736595014	2.324311999	0.052708686	0.1
SB20	KP0682_LM_SB20	8410	111.9022795	0.2178138	0.523127851	2.613096269	0.116044919	0.1
SB20	KP0686_AC_SB20	415	31.067878	0	0.884811651	1.957955624	0.034077483	0.1
SB20	KP0688_AC_SB20	10289	25.26036087	0	0.593693624	2.125397679	0.119798944	0.1
SB20	KP0690_AC_SB20	21977	29.79091481	0.051688734	0.522808713	2.854431295	0.184231337	0.1
SB20	KP0691_AC_SB20	273	62.05978763	0.626501933	0.439130729	2.311145322	0.035400946	0.1
SB20	KP0693_AC_SB20	11369	22.08139969	0.20793727	0.546586532	2.606006392	0.130112251	0.1
SB20	KP0694_LM_SB20	38996	38.70159381	0.015440804	0.435412351	2.272365073	0.227420023	0.1
SB20	KP0696_AC_SB20	450	31.59083756	0.074967334	0.510919004	1.244002669	0.032738353	0.1
SB20	KP0698_AC_SB20	27665	46.06975492	0.052145069	0.579575149	2.07818421	0.209178232	0.1
SB20	KP0699_AC_SB20	752	98.91506433	0	0.505434049	1.738992797	0.040081728	0.1
SB20	KP0703_AC_SB20	5721	4.656784379	0.002320326	0.640498107	2.502719685	0.080678989	0.1
SB20	KP0704_AC_SB20	16513	11.47352844	0.104366633	0.535980632	1.964080065	0.138820851	0.1
SB20	KP0706_LM_SB20	12781	95.37613008	0.14066435	0.400811791	2.475590938	0.132564145	0.1
SB20	KP0707_LM_SB20	26278	3.65167243	0.356525822	0.250139262	2.315787895	0.187590649	0.1
SB20	KP0708_AC_SB20	2572	58.97555851	0.237336255	0.472468959	1.490205923	0.071586877	0.1
SB20	KP0709_AC_SB20	2632	42.38297626	0	0.630131835	2.507213469	0.064302982	0.1
SB20	KP0712_AC_SB20	13109	40.21261794	0.110299201	0.54361288	1.914230802	0.191436851	0.1
SB20	KP0714_AC_SB20	7751	102.3541855	0.138080277	0.509288792	2.584707015	0.092946832	0.1
SB20	KP0716_LM_SB20	40847	97.02852044	0.641729061	0.463930385	1.85316502	0.250020459	0.1
SB20	KP0717_AC_SB20	6867	17.13378986	0.000338681	0.772322027	1.499524201	0.11816257	0.1
SB20	KP0718_LM_SB20	5641	45.53164319	0.005248361	0.511981751	2.102882892	0.101149956	0.1
SB20	KP0720_AC_SB20	3359	27.54642613	0	0.716046969	2.035099693	0.078106204	0.1
SB20	KP0724_AC_SB20	5981	123.8601012	0	0.664486037	3.137038143	0.093689435	0.1
SB20	KP0727_AC_SB20	504	5.62563956	0.229525568	0.566967861	1.985782604	0.027645079	0.1
SB20	KP0730_AC_SB20	340	91.68663247	0.091668815	0.595294485	2.380441002	0.028180931	0.1
SB20	KP0731_LM_SB20	16210	14.78701628	0.153747998	0.328751662	1.665293217	0.168651341	0.1
SB20	KP0732_LM_SB20	893	47.40532985	0.003058024	0.352561717	1.953905901	0.042090163	0.1
SB20	KP0734_AC_SB20	4253	14.69087236	0.073747401	0.519663028	2.371479719	0.086124117	0.1
WP10	KP0739_HU_WP10	97	10.42429984	0	0.568269528	1.132493228	0.017785244	0.1
WP10	KP0740_HU_WP10	29	104.3343645	0.09100834	0.478532838	2.159959542	0.01080288	0.1
WP10	KP0741_AC_WP10	1219	19.66261183	0.03167464	0.526990811	1.255130102	0.076315803	0.1
WP10	KP0742_AC_WP10	1828	41.31794466	0	0.704046615	2.085273958	0.0648439	0.1
WP10	KP0743_AC_WP10	9123	85.59226683	0.246165868	0.459678468	2.666685163	0.136942687	0.1
WP10	KP0744_HU_WP10	95	16.8812676	0.049714923	0.748829094	1.33213108	0.016700343	0.1
WP10	KP0746_AC_WP10	2385	8.167321288	0.145288243	0.467547354	1.689697583	0.089531898	0.1
WP10	KP0748_AC_WP10	212	107.0688906	0.000481172	0.590321313	2.051002405	0.029264881	0.1
WP10	KP0751_AC_WP10	952	24.91492805	0	0.687665881	1.522273271	0.04027083	0.1
WP10	KP0757_AC_WP10	611	53.38971253	0.172050558	0.61998286	2.484823301	0.050894114	0.1
WP10	KP0758_AC_WP10	4972	43.02181885	0.068506872	0.514412816	1.680067204	0.099150161	0.1
WP10	KP0760_AC_WP10	9390	40.55921698	0	0.448916043	2.559953611	0.132110171	0.1
WP10	KP0764_HU_WP10	829	22.61519012	0.128063567	0.472887485	2.278666943	0.041575644	0.1
WP10	KP0765_AC_WP10	1656	56.77590348	0.753490905	0.462267955	1.610869023	0.062092478	0.1
WP10	KP0767_AC_WP10	3984	37.73470335	0.231069012	0.464801939	2.020468091	0.090301751	0.1
WP10	KP0768_HU_WP10	331	35.72657266	0.540217494	0.489186492	2.118434071	0.027002647	0.1
WP10	KP0769_AC_WP10	79818	27.80208193	0	0.592410464	3.101846667	0.305259977	0.1
WP10	KP0770_AC_WP10	72	118.0779567	0.392888992	0.495269006	2.155485425	0.015907475	0.1
WP10	KP0771_AC_WP10	1281	21.79049916	0.48447304	0.47826948	2.124175963	0.061941154	0.1
WP10	KP0774_AC_WP10	48	94.43689237	0.457197149	0.419923342	2.445981613	0.020919073	0.1
WP10	KP0777_AC_WP10	3929	126.706391	0.093345454	0.584547526	2.537529692	0.08174375	0.1
WP10	KP0779_AC_WP10	2180	81.69313532	0	0.809737352	1.963234858	0.085007502	0.1
WP10	KP0782_AC_WP10	7001	97.3323131	0	0.69084675	2.507012325	0.097368487	0.1
WP10	KP0783_HU_WP10	330	79.99402365	0.017068362	0.562361735	2.076383925	0.029778566	0.1
WP10	KP0785_AC_WP10	248	33.37312652	0.941386875	0.509265652	2.069398109	0.023108565	0.1
WP10	KP0786_HU_WP10	137	9.8781172	0	0.646278195	1.873784194	0.016239312	0.1
WP10	KP0787_AC_WP10	25528	106.1411617	0.000922253	0.625575456	2.204443486	0.225392343	0.1
WP10	KP0788_AC_WP10	175	36.39601541	0	0.689984652	1.79121054	0.023093145	0.1
WP10	KP0789_HU_WP10	82	23.28070065	1.411687149	0.460014913	2.088566136	0.01430309	0.1
WP10	KP0790_AC_WP10	1480	65.15960475	0	0.53910529	2.103082623	0.054243875	0.1
WP10	KP0792_AC_WP10	2982	93.59281311	0.031183462	0.592306872	2.941128655	0.077749148	0.1
WP10	KP0793_AC_WP10	1961	108.4499019	0.509169224	0.470053809	1.81655547	0.073076653	0.1
WP10	KP0794_AC_WP10	472	118.5329482	0	0.592769928	2.375851573	0.031369595	0.1
WP10	KP0795_LM_WP10	9246	31.08085162	0.098483282	0.374807749	1.701288479	0.130734505	0.1
WP10	KP0797_AC_WP10	1432	43.78916585	0.018901194	0.492223629	1.652236036	0.071796183	0.1
WP10	KP0799_AC_WP10	6739	79.79038527	0.030810957	0.551717671	1.759652956	0.113525538	0.1
WP10	KP0800_AC_WP10	1384	43.23064746	0.000428709	0.61555172	2.627374468	0.05234944	0.1
WP10	KP0801_AC_WP10	1096	18.57934467	0.823424174	0.457204798	2.017309358	0.060015132	0.1
WP10	KP0802_AC_WP10	649	87.29380666	0.866077911	0.462703251	3.076528633	0.039597321	0.1
WP10	KP0803_HU_WP10	306	49.72658873	0.008874792	0.486574686	1.972283642	0.028802237	0.1
WP10	KP0804_AC_WP10	2636	103.9865953	0.200993854	0.529822638	2.67842467	0.068053588	0.1
WP10	KP0805_HU_WP10	962	119.6233308	0.401545264	0.456965248	1.886581606	0.04235364	0.1
WP10	KP0808_AC_WP10	8464	97.71418276	0.002441996	0.601464776	2.611079831	0.096862638	0.1
WP10	KP0810_AC_WP10	938	50.5285213	0.066376233	0.496115781	2.270020994	0.045798079	0.1
WP10	KP0811_AC_WP10	660	14.2990364	0.301062694	0.516876484	1.670544778	0.041588186	0.1
WP10	KP0812_AC_WP10	3788	97.30720383	6.39E-05	0.535008986	3.106501853	0.092513491	0.1
WP10	KP0815_AC_WP10	16530	30.92799938	0.098723531	0.378022882	1.360820084	0.209986737	0.1
WP10	KP0816_AC_WP10	2107	37.1590155	0.744524323	0.465778937	2.725760352	0.073793562	0.1
WP10	KP0823_AC_WP10	8190	47.60472153	0	0.631287393	1.923911436	0.104907587	0.1
WP10	KP0824_AC_WP10	13053	31.25323791	0.371773402	0.481647204	2.352339882	0.180007805	0.1
WP10	KP0831_HU_WP10	313	97.47874839	0.969444819	0.497975276	3.034545074	0.031041346	0.1
WP10	KP0833_AC_WP10	1743	39.44550749	0.06150011	0.539805652	3.080176102	0.045533483	0.1
WP10	KP0835_AC_WP10	3519	90.06884692	0.16362446	0.548006116	3.273922203	0.108192256	0.1
WP10	KP0837_AC_WP10	10947	45.35904604	0.713137574	0.7091672	1.391025124	0.175862577	0.1
WP10	KP0845_AC_WP10	226	124.2604738	0.046133667	0.489526975	1.568781971	0.029421457	0.1
WP10	KP0851_AC_WP10	2639	98.32693668	0.023383169	0.523106376	2.57990873	0.072714088	0.1
WP10	KP0857_AC_WP10	35163	20.61097789	0.001163876	0.566794624	2.898150887	0.18667931	0.1
WP10	KP0859_HU_WP10	347	112.028639	0.197625688	0.449366164	3.919067824	0.030187473	0.1
WP10	KP0861_AC_WP10	1601	108.9293967	0.005249967	0.462283645	3.050831874	0.061415036	0.1
WP10	KP0879_AC_WP10	2751	88.10052937	0	0.643433389	2.60317622	0.073647837	0.1
WP10	KP0881_AC_WP10	5596	16.68775917	0	0.72331956	2.508009216	0.092989537	0.1
WP10	KP0883_AC_WP10	8538	84.32856342	0.034904597	0.546405596	2.994536692	0.132002789	0.1
WP10	KP0885_AC_WP10	5450	71.83725228	0.010800602	0.569253104	2.312354379	0.097746786	0.1
WP10	KP0887_AC_WP10	7955	61.36823729	0.310628466	0.352058871	2.338944502	0.100533022	0.1
WP10	KP0893_LM_WP10	3483	96.83595169	0.006211346	0.505125313	1.367900999	0.1180499	0.1
WP10	KP0895_AC_WP10	32261	47.52845408	0.225451658	0.467948849	1.748256993	0.281533196	0.1
WP10	KP0903_HU_WP10	274	33.69065301	0	0.681136467	1.640687392	0.023439329	0.1
WP05	KP0950_AC_WP05	10675	22.39711282	0.00116582	0.610432309	1.74229604	0.112416371	0.1
WP05	KP0954_HU_WP05	14	44.46696939	0.002043177	0.478710703	1.680224176	0.005557964	0.1
WP05	KP0956_HU_WP05	83	2.233749494	0	0.954145596	1.258837648	0.012239997	0.1
WP05	KP0958_HU_WP05	44	35.81469868	8.28E-05	0.35677761	1	0.010768505	0.1
WP05	KP0962_AC_WP05	5203	58.2929597	1.058404687	0.386535488	2.014991446	0.111212873	0.1
WP05	KP0963_HU_WP05	193	131.3709306	0	0.551922008	1.832139601	0.020197963	0.1
WP05	KP0965_AC_WP05	74	86.70165655	0.052717121	0.544838929	2.780519051	0.012757732	0.1
WP05	KP0966_AC_WP05	1805	23.59963485	0.002436617	0.391779336	2.17884487	0.053565578	0.1
WP05	KP0970_HU_WP05	103	37.87809926	0.153518045	0.480330508	1.89736786	0.015010789	0.1
WP05	KP0971_HU_WP05	159	14.43291193	0	0.468861122	1.475309148	0.018233408	0.1
WP05	KP0972_HU_WP05	150	44.58298428	0.005095955	0.553268043	1.480729667	0.018869295	0.1
WP05	KP0973_HU_WP05	222	61.03419041	0.00124061	0.52188566	1.748395791	0.022754524	0.1
WP05	KP0974_AC_WP05	3841	6.931857905	0	0.739975795	1.601362175	0.087274938	0.1
WP05	KP0977_AC_WP05	138	37.53485171	0	0.749737288	1.627984503	0.016717264	0.1
WP05	KP0978_AC_WP05	5473	40.03345541	0	0.475108662	1.582029244	0.085486622	0.1
WP05	KP0979_HU_WP05	99	37.96170334	0	0.490019406	1.998965002	0.014101384	0.1
WP05	KP0980_HU_WP05	56	22.3705616	0	0.76028303	1.514679501	0.010425249	0.1
WP05	KP0981_AC_WP05	3953	76.65467074	0.363457092	0.581436906	1.88485012	0.094319953	0.1
WP05	KP0982_AC_WP05	11620	90.5222464	0	0.629103821	2.230846479	0.118924748	0.1
WP05	KP0983_AC_WP05	1318	37.05926628	0.757004219	0.470282381	1.385575077	0.064631147	0.1
WP05	KP0984_HU_WP05	170	58.80834091	0.20816741	0.544149248	1.381610521	0.019629966	0.1
WP05	KP0986_HU_WP05	105	116.7269603	0.056608626	0.592635922	1.779741914	0.015568365	0.1
WP05	KP0987_HU_WP05	51	114.2298871	0.156400822	0.686263101	1.373824896	0.009737762	0.1